3.5327746955138393
0.5120647135423433
0.6026846851425749
0.7694117864831329
0.5629707954679312
0.900710451679493
0.8837575511410908
0.410712944293565
6.597272426943999
0.4112058260583604
0.3715701659630508
0.7902897403268014
0.8998585544828019
0.7040831734556027
0.5673322739470791
0.5403937758452082
6.503545383750137
1.2707400768100063
0.7869602313286751
0.5843834260888019
0.84283579561646
0.8897399369353003
0.6237360645370086
0.5167735600151291
0.4130235350528981
0.8136159901248063
0.3759207485065985
0.9407469455068524
0.7622028465461002
0.4675011291013016
4.026324678049848
0.9889245000964584
0.9812479014818436
0.5658232645201168
0.4095178874340136
0.7292692520868145
6.4655393312754965
0.8050166192128162
7.599863345208345
0.6437766671061744
0.47222142921328303
0.3733898845418453
7.464435278159442
1.9024933316384303
0.6939645760461128
0.3150308117012094
0.6220838728322808
0.7107519321691746
3.2798856699179213
0.8195491274084785
1.182948278965167
3.454402965386005
0.6224540135942315
0.3942491575542544
0.7865410553460521
0.8644690050958429
0.5110395453979332
0.8546457117665871
0.7346931004462112
0.5176885085392436
0.9845429478944148
6.9466362577202565
1.6989055045167518
5.3982385721427475
0.8287486095866499
0.44045683886153464
0.6962174504616022
0.3878037597356584
0.9167218184362619
0.7548099370705397
1.9925988143873283
0.4845133843608902
0.49947942365390297
0.40149586334840204
0.35984204335113024
0.49078079546985687
0.43157427400695514
0.9292892777398272
0.5398983857616306
0.783436615382162
0.8981684769547635
0.8278387437379429
6.509952855124444
0.9370255976015068
0.7144071850371598
0.888670253478952
0.4289300894722685
0.5494260868615146
0.7926309991927099
0.8862701194571929
0.49393374064309337
0.7722530578408425
0.8271654238188278
0.6450686550317936
0.8628573937925201
0.8029774455845091
4.554179443435493
0.6727696126714359
0.5263469525538992
0.9705860685159466
0.41750494406671235
0.4410956841642707
0.8337730869035679
0.6609652706580174
0.5040873814089872
3.923673708054322
0.49356372977257523
2.05548657652482
0.5671361296839934
6.730136163081828
0.961856700691704
0.9796374977693089
0.650825949547308
1.3766360554030683
0.6097651234231184
0.7541901229473892
0.8139895297945785
0.719105159594278
0.6896525398450492
0.6891017947787385
0.6926181803630651
0.6409507626383504
3.786207633031222
0.3999018717032632
7.084216206077741
1.3857517748719843
0.3792708608463148
0.9826207223114477
5.757224792198743
0.2904522674731502
0.5092284251622574
0.056760235122703784
0.766411488116094
3.370298675454836
0.32320918418929734
0.3231176093809598
0.6230338998274798
4.896404787575476
4.425165164714478
0.46836377353765746
2.4118599023644434
0.35844902085813857
0.6033264806017445
0.4997840015433178
4.435513982501752
0.3089064920748841
0.9760683136253442
6.793668375106222
0.3639853446987078
0.6522759659610556
0.5014976749317464
0.8754661284740975
0.6976489248311267
0.6696955460523851
0.6147293835311107
0.07819708680727067
0.9254453778210001
1.9668116677955227
0.46614706143459606
0.5364286516654265
0.5215298420134744
0.3015409001281082
0.6191528979353574
0.9595925634004083
0.8920295635273913
7.351729475620754
6.156128352113912
0.5589032241463436
7.543303340445452
0.5283588776738688
0.6496653552069871
2.519587813637801
0.5529020321572008
0.7829171500073341
0.7345419087809147
0.9611995307373835
0.3240075615743728
0.4105967597891067
0.4257342301088549
0.8627483316031969
0.9927298520856205
0.5545126651418688
0.8276838854440547
0.4864483744385377
0.04756914735395279
0.6891761829493843
0.5095709407517299
0.9556288158851697
0.4857730717911438
0.357203897480187
0.37818339026487235
0.4852345846796531
0.6784299213865691
0.36920080809928935
7.210876596137818
0.3766517922075526
4.640779419212523
0.31021975057692663
0.9268979867258291
0.8005381033219044
0.4506910236315492
0.35479187499745357
0.542522524629601
1.1063030279195933
0.6654873210360339
0.44059300532795886
0.3805729909283351
0.322692248365233
5.6950085613765635
0.4030518118394515
0.4869273417769512
0.6069204881225261
0.9837991992519222
0.4917548268967079
0.5876391653109266
0.6094555435004667
7.696648214600857
0.4161807369934686
0.36007038113351697
0.6657047365699712
2.388670680755026
0.7984291621234915
2.2296876385592563
0.794684297151452
0.7598414920003227
0.4992089437372864
0.5805510692537101
0.9240325085326898
0.6855568545226491
1.5988616566714553
6.625040378953999
0.9142817384375583
0.6020079129996766
0.6055236748051467
0.7016195910021717
5.075150250469883
6.990037755875687
0.7859221936581704
0.4588172662662131
0.18985545020068584
0.47204051358690824
2.3496676383992137
5.1347259015780455
3.537486052414252
0.033532692390078056
0.6194254133857771
0.34020373666927595
3.7987287134788437
0.7654846795807377
0.07572768318333967
0.14601417875075873
0.9056870049653137
1.305686780449557
6.002116290467191
0.6380526261461107
0.8436748457591656
0.43672646380745916
0.9244187255036032
2.275710448217759
0.05935759249912209
0.3945253973360242
0.7501501329533025
0.4122376616433904
0.6272188918140946
0.5925505843005222
0.5031643923277401
6.526476950403881
0.8637323366786397
0.47118373473209096
1.6285216584840159
0.3981046402880075
0.7856124671701821
0.8414081357579307
0.9906258909214773
5.031876241754475
0.7473053643879659
0.8311587859646972
0.5466982426988608
0.36086979251637963
0.08501702285886947
0.3540939637406435
0.6737853339034787
4.070666512037915
0.8372002523847228
1.3287886323719276
3.4456059146341653
0.6591056924649868
0.3224474106509462
0.3962987553816002
0.7646928462833761
0.1716108374523403
0.6778824971343023
4.313197820776755
0.34204813074932316
0.815425135255677
0.7680083497318948
0.7149348507876141
3.7807261750095726
7.582223014356742
6.947573261414085
0.16020917053492545
3.169091158653549
7.493172365104367
0.6429685289645434
0.9677229041783629
0.7487035004412529
0.39091088881563274
0.3065170944694714
1.5294681134848345
0.5064984481413346
0.9398532798085618
0.6319433690199207
0.6743810360841932
0.07534024953526908
0.8577380770930492
0.48723370002150623
0.859258141824324
0.48737636203748624
0.41701723747876784
0.6450554769001988
0.4383625457446043
0.6802845287221024
0.5550087388952728
6.739297099051681
6.648107400019589
5.772797611836629
0.7502315825982627
0.8595760595970429
5.477512933685857
3.7824934811408415
6.2423101757590675
0.7155097923578806
0.7618621445604375
0.8566102409941116
7.384461740123897
0.6808686955719794
0.5843083224542802
2.4614584501335255
0.49310043667112835
0.9218711389805235
2.19088054397639
0.7294120717936767
0.5822643790333336
2.736090568410247
4.407138513952939
0.7308693317984731
0.06923578442536127
0.9520635564210775
0.8833503717752385
0.28423938637441526
0.5619024754890176
0.4195098669684033
0.5208790010843993
0.7750705977521195
7.4145287242228735
0.5364055608968386
0.42003042647942024
0.945290553460517
7.0949369277685
0.5273793680237955
0.12644140857255526
1.1654319151962955
4.601619234977215
5.683293720937151
0.42786892988830205
0.9738701969631394
0.9896950865681005
0.4781461880385345
0.5493720901515866
4.029162941449254
5.8640945445109836
4.366811980554384
7.971857627290257
0.44587565475024105
0.8410806859719063
0.6120440804393468
0.9946039631136318
0.33202023437292993
0.5542699735500796
0.5112757089768609
0.34924254208534267
0.5871643188823613
0.7382074122655684
0.9005642975937451
0.8364019152585291
6.115478132674881
0.47006290381820826
0.6436278406462347
0.6065620825319022
0.4786657873385326
0.3472505641506285
0.3381839351206909
1.2580163357505354
3.801279143350487
0.8959343853313786
7.050370277574479
0.4366452126613952
0.7769689222478654
0.04031717416816516
0.4856107093716914
0.9204189651411154
0.857846224381394
0.48742743587927007
5.442200845751607
0.3206497788924205
0.8857844755678637
1.5119240024694154
0.951769772571951
0.3867816058797463
4.1542558788506225
0.30109232311135037
3.5237276320455377
0.874484108430968
0.5518351804869326
0.7972868881702455
0.3907200583266397
0.5259574496959539
0.928803269500145
0.34703794476484817
0.5800458440392167
1.1540921267529693
0.7388989959432248
3.6226664645575557
0.6911903274580731
7.378887748271722
0.7019748493959911
0.9096474504275199
3.1715116570147783
6.460731724471884
4.634220891922306
5.051704180437654
4.610253028785045
0.44968423750601605
0.1521746757742698
0.4564148117448661
1.7096223625271874
0.993548950529516
0.6655234677411598
0.4646845695712404
0.7400258777199404
0.9332762597943248
3.5282006548519176
6.793194780839733
0.6914041077539262
0.379331577746016
0.623106887360215
0.9441575781323589
0.9198814164687046
0.3241027371558981
0.1187078055148667
0.3421257073013434
0.4748861051947031
0.8928880054548518
2.9930639600343234
0.6686714423391269
0.20852141348380682
0.8533084880197962
0.94340643756228
5.556623955128994
3.556101275331221
0.9509340695774334
0.6391400876077472
0.4794050917546415
0.41811870565738674
0.6104528230852264
0.6585347240884065
0.6755843782248983
0.8774911546642234
0.894445293648515
4.26717035600047
0.387472707993023
0.5733816222358992
0.6107758377554161
0.589979110414837
0.11388645057719404
0.9464359370058291
0.4029348668039169
0.737528812722412
0.9729111859649315
0.8261950611620305
6.916694870233454
0.522850697841929
0.30627568066054867
0.6355260208711555
0.8137528759454815
0.7765879910523044
0.286570627185756
0.950848933165331
0.5996103090464333
0.5983278863621072
0.6186979009277215
0.7059904195284847
0.11681489811330514
0.49979812203887275
0.9043478355142412
7.958161896224107
4.089039605551111
0.62679404053627
0.5863597286306269
4.724811744319684
5.746122483044053
0.1517522586777088
2.1621562815093656
1.3588428560386276
0.458730358769621
0.49445800953286556
0.6535724305419762
5.357759155436384
0.6533636049326735
0.7236580617760227
0.6654930982648766
0.38141764531720657
0.8651388692767233
0.43419431767363204
2.2154225048330387
0.5985861664895676
0.9716346272185504
0.7030986398240049
0.928369589035322
0.9631988195800939
0.9213510276366894
0.8414055092761127
0.6017244510869811
6.975130193801956
0.8599687474694753
0.8818426412664052
0.4171293994437756
0.9108002921483837
0.900932659733117
1.5448786755349904
0.5302101346481443
0.7588329500849844
0.5236843588579969
0.6853429083747316
4.7203136242624035
0.5049868063090868
7.533165426097896
1.1988937132975712
0.48062362781369994
0.4264881195756012
0.4101168182113015
5.827409538321025
0.6667562399156326
5.714675783956081
0.6985723586395622
7.823319182506775
0.7315604951494539
0.49393244352014154
0.5376076791777611
0.9321685744367897
0.9944299661866539
0.9804669363879439
0.7110307204255184
0.32965358541196943
0.8736516994646437
0.3998990296414918
0.36750750413977407
4.634440687143391
3.2580103669583576
0.45471942824962297
1.9631248633498029
0.9182189323614325
0.6750373225602629
0.6101533687706279
0.8976304956923967
7.869314644238532
7.688408241657949
0.9777646941855437
1.9662196436138935
4.3878554601485265
0.4137365510690041
0.5388167861662212
0.38217713419160726
0.94591488107302
0.7704743530840706
0.8326008206184522
0.4879231670471521
0.9598962549930838
0.7784535880141092
0.38392966747306023
0.3195916142669769
0.5597372825276339
7.230427861128202
1.2988514492045073
0.767164987270436
4.257420412793845
0.6702369365155508
0.7558127942087085
0.4830344688620266
0.2986214881915865
0.3115514607335056
1.3239890431116041
0.3309329128217432
0.1993360887493566
3.509367841318947
0.6388587730080784
0.17383984248443118
0.6269703754422118
0.7293241402402317
7.256283270060629
0.23692091327034637
0.39402925824400215
3.471067165554328
0.9972299284580288
0.744265061106403
0.6630829545191385
0.5131186544021981
0.7332404868296627
3.628230000487446
1.7964041051160207
6.649964157052935
0.9514602936939155
0.31931500124715806
0.5131113040241924
0.8737319917181253
0.7102067608766901
0.572175628891715
0.41827878837239196
0.9661090293175596
0.5347354601511893
6.835010556331152
0.5633729202688741
0.8633735901164487
0.42968056944571964
0.9149832833515378
5.0465588112833535
0.796504367233958
7.91364329716206
5.039639400464538
0.39686966341831553
2.2361912203409977
0.957258629547422
0.48399296778721923
0.6060512663211546
0.07575780782478869
2.1785042453954704
0.9187056569434122
0.7751046670443087
0.038373648034576324
0.9733782441343495
0.46755261952449345
0.7057539258592046
0.5499426801535561
0.9675267112637483
0.9970712068118679
0.9595104244775212
7.647559852841667
0.561790466940774
0.8820009414061779
0.6608212184806032
0.645363916539337
2.8722547797298823
0.6534690011734327
0.7320812091698847
4.520656062149971
1.929110173744088
0.43025447049726273
0.6991862117118841
0.9283974777765657
0.44913876677451414
0.7038016341875127
0.9367932813480201
0.700135217974778
0.44873085935369605
0.4864986435643196
0.4810211972944676
4.653958916332732
0.48529015330546965
0.5452325864481007
0.8915806557240689
2.6890178479308764
0.5162830174153554
0.7774773862730375
0.977838484597334
0.7434264404582094
0.2624601899275022
0.9910249714709586
1.3097543444933804
0.941906024723677
0.8306849263293998
3.401306743358311
0.9407455502614221
0.6310506517204479
0.7272538068612302
0.397159223635412
1.1020315412063786
0.33384420766338774
0.47140903394257694
0.969012901372108
0.32385002285867737
3.917089021674098
7.158253911034373
0.7788514114504455
0.4542267885378284
6.632787016897774
0.7568589375507976
0.5088880347305323
0.6029514419960575
0.35957112513995015
0.4882694782937026
0.9467101748773087
0.7542815197095294
0.5988964467638997
0.7525573655076899
0.4894695917352435
0.9780768394714011
0.506478150051666
0.8111606579698375
0.7732855841131097
4.671242408165377
0.5227218466695056
0.8460756744176201
0.48950166242419635
0.39818033729843505
3.47216137710378
0.9903519803052517
2.261224026587538
0.24546489483170486
0.793359201227685
5.476447769960642
0.9482052405176714
0.9774452426806954
0.3382765759558084
0.6324280131318731
0.7452198713335199
1.884423101492314
0.8651364495043548
3.0350502599132936
0.6249804613471069
6.113818699296433
0.38852349744196946
0.8873814615437955
0.5472799822707977
0.7422274906854596
0.39146022096774413
0.6751551758372669
0.705024791246868
0.547079660392216
0.8569435935161296
6.894814223157487
0.41337196001134036
5.693685881983078
7.951305924662651
0.7186244323454793
0.5723079889780347
0.8132547980518332
0.5828720569585882
0.5630398492736396
0.3550465094981252
0.9244612252590784
0.9302033822602487
5.395900880236843
0.33979528228388156
3.0314260996222426
0.6206422354123557
0.4996139014097606
0.5763571070910009
4.742236982658367
0.32793149621358053
1.6179195175322816
5.717798249526564
0.43937930152418403
0.8412692285603475
0.4952021966836083
0.9658798704165376
0.3955534803024553
4.785060402069167
3.8333637100098388
0.5633717496980563
0.8677137250109749
0.7578739582765234
0.360229067930657
0.8882068819010956
0.659390792195199
0.9053414946607221
0.6870968597154531
1.331421124739343
5.125917154959074
0.5610930886820921
3.6922036325407888
0.7569495486306528
4.059088031568103
0.9412111610010697
0.4229309513954824
0.39008814157552196
0.41870071431376643
0.7741603889331734
0.9203658697984585
4.284424441080848
0.4538515654762477
2.6340636202607666
0.5293633348431731
0.8546037118105135
0.582887218970702
0.3793859871573013
0.9268090394753129
0.7019432083787752
6.478235304740806
0.5222154497255783
0.7035970186265406
4.938406511495995
0.7319402524475612
0.5340361732312863
0.5497825802008466
0.27848546702130417
0.5255882917093672
0.8204219030066661
5.180073776369301
0.9421463311911311
0.5748778489979965
0.7528565740072499
0.6064437077986238
0.745372783485196
0.4726639114629273
0.9383288708074546
6.762217711790239
0.5748863736524027
3.6415376009525
0.4720032113089857
7.351184509852591
7.8559161494878245
1.6658105637574394
6.68405930611908
0.6866983702609242
0.7464531240687472
0.3259655150621755
0.7652945108144432
0.44210728923875153
0.9344255710626245
0.7346081272572503
0.37957020521486473
0.47082044720358995
0.9945101748509229
0.6246120257186436
0.8875519363244413
0.42575025280968015
0.30310213113928874
0.9326350011779053
0.5732359486151308
0.8980844474271428
7.01341051697406
0.8942795690828804
1.3773144060365619
0.05238820017399293
0.481584271549632
0.6912687597962626
0.3460758975882189
0.617656294471373
3.419886642059038
2.665011268249965
0.4022687101018798
5.806271252210668
0.08358058790761924
0.8128565880656616
0.6892025659391141
0.6708647425243505
0.5901572889451325
0.8993274336047533
0.918236779317111
0.7468317982699771
0.6246762845149629
3.60430113889017
0.7488695395771732
2.907388832397988
0.8061994695618517
0.942478996365141
0.6273356456323252
0.41884187582630283
0.09798498350630513
0.537527333014117
0.6149004053374109
4.477051647974334
0.6912717456491062
0.5227203809652224
0.2106630876149429
0.9888442085123883
0.8086066388579933
0.6728499962655472
0.4014832092203233
0.341513415618657
0.7077879253588634
0.3713072308062161
0.7128241160511805
0.34342463838558557
0.6108588861207571
0.9746679252535493
0.7820212000794422
2.0124875918987835
0.401066207199554
0.7655841538734878
0.4187967882043879
5.826168695361879
0.8504465217618957
5.27510730825383
0.8407745738079954
5.822536487482665
0.760618758651081
0.9582572743685969
0.9523733833358855
0.5148119253606489
0.37647309930131356
0.9372798546002961
0.7934216440600235
0.36130487565210434
0.4462332562581137
5.835310590975078
0.398899904009841
0.6732613290883432
0.8804272214090678
1.8415526200665928
5.186641994862751
2.9305877616359695
0.7794838888351758
2.329419818596567
0.685586558906554
1.5260211013229084
0.7799683619628982
0.9135681973327353
0.575525722115021
0.9365788259229412
0.6230618474385492
5.228698719438895
0.7130733279324005
0.1361800684783282
0.5576181504056682
0.35331718989231053
0.765940399363824
2.0709179198066883
0.7361152518727964
0.3340452659017138
7.086484040535607
2.7465570907131545
0.6629363003614605
0.7745487949380103
0.6731655634567412
0.9254508999928795
0.36755116084164463
0.6721089536113941
0.8695101976865834
0.892554836891946
0.7312217741049607
7.850086078937706
0.49882237414100516
0.5813000850844356
0.9374948656369966
0.9737942411299374
5.3300582327355785
0.642895337963433
6.862237651043677
0.5804743625218348
3.4489607970778495
0.805389341643045
0.6996862432831762
0.46309404398230436
0.5534958369721266
0.0813177292470958
0.33093002181017706
2.0222139153160965
0.8194312743902382
0.6201576566513082
0.36441832170907995
1.208383527499815
4.825593052928936
3.6892837432589767
0.3388205501467857
4.755050684795037
5.016249124187269
7.777271888143244
0.49450327582003206
0.7865850801408445
0.9716814181106364
0.6008059829021947
0.32896493010715133
0.8198163034466125
0.8024162026066313
0.4203645086000056
0.9025188110756583
0.7021695916509346
0.7484896824793841
0.9254369183042612
2.3251450451962574
0.47281805270606225
6.044398377502837
0.3784688378882418
5.0623389116676805
0.5800718857385264
2.3400687755431386
0.4594013718137063
0.5529184126593628
0.9512700336171112
0.48414343119619807
0.27764521767493777
0.6528639454066988
0.3406786348367019
6.627557736213008
0.8453200711577991
0.9794509708722933
3.5278645058078384
6.529674100154285
0.4378001603409024
