0.8831268816087903
0.5733722515443951
0.577405069859442
0.6575571829561562
0.3771887497161611
0.7138384338867327
0.7996230296966115
0.8498566116600904
0.7618587741893704
0.39438234788873827
3.7613001303894515
6.211488157218933
3.5263144380381592
0.8267782699292904
6.442181542844177
0.4724016175065232
1.5172056405387417
0.8018478302424998
5.945914503042788
0.6015938316184926
3.086390874109359
0.6620422478591143
0.8273482103595777
0.0265098202781493
0.8913585678709278
0.3756575427607287
0.8449865266020078
4.935557310518213
0.3458239910748446
0.004293363708000708
0.6437535441553452
2.0064956332007484
0.8676514494910886
0.48531958532544883
0.5810122333178914
6.030611217172607
0.6748337909687768
0.7597220249152172
0.9028466116385944
0.7351413725010644
0.4148133567985687
0.543909473522589
3.2803755309610296
0.16284076268239822
5.598592183495578
0.6486462512441189
5.014156845396729
0.4598027334828527
3.749761394632393
6.997996606513894
0.6729068786563654
0.4580468845522895
0.9003570631079945
0.7577179947781821
0.5370160292334564
0.9835498777005612
6.968565593468635
0.6461550294071343
6.977605551842067
0.8706445625297812
0.6224100491452089
0.43501036060628584
0.7858575836660296
0.9205335263254507
0.4727102785561952
0.9274106093028596
3.990987160187418
0.6743175612389055
0.5892198306267192
0.6383605949863824
0.5770905419144782
4.178300746473391
0.5977645047555358
5.61984187820477
0.4788161781274879
0.46726203375655917
5.125227184860608
1.0801595455489466
0.5008811507308413
0.9137798326546607
0.42346175017960697
0.7513700100360825
0.5881051066705548
0.9819386683527759
0.4648581386474241
0.7376431327559919
0.6352612608266799
0.46599108927243116
0.19240370151568653
0.5058787485162302
3.650963689994228
0.9386145445499281
0.5513122141643108
0.43772238176605294
0.5836695922087242
0.178880027529712
0.952244423187593
0.9165701145020091
4.528032548250635
0.9253867204388635
0.4167655760619775
5.486597467291783
0.7085242218936801
0.7157996543950506
0.5085506831543488
5.979140824264902
0.4172290172089542
0.6011268748606864
0.7893010602399354
0.9605120325309991
0.5857141847029218
0.863180166911567
0.6544818441594581
0.46555304513124796
0.8945257191007715
0.7899939049506198
0.7005673218378143
0.9897635638432889
4.183875888916966
6.046557485113556
2.8700959834208954
0.5942425732134856
0.7324464790550917
0.4033259224636313
0.31373132197573783
0.6464107762451112
0.7803170347056873
0.9014511755206205
5.345380043455503
0.5479243355162009
1.2053073052482899
0.6629767854206388
0.8899225489443494
6.847030384469809
0.4801320069752909
1.8408941250248527
0.643390985867416
0.8432567659529748
0.6602868686013081
4.4166997215481985
0.9213211603844729
6.604614953559334
0.18472678563346756
6.238943900121978
0.7097261369757495
0.6861513135240849
0.31299742110221995
0.40473079283482505
0.7372348057113569
0.7916344395143244
0.7053705252570058
0.7868794194782918
0.9900751435403904
0.3218022230589801
0.4868839275460999
4.707391311713085
5.980518055602442
2.604640500268691
0.4700699695878383
2.4596300374967806
0.4294722836964501
0.7837992393935741
2.3439396527963603
2.4396117521704
3.909247486858993
0.6581721280983106
0.6224015914742762
0.6105349854479555
0.036998396942065526
6.49094793337638
3.1804450120755776
0.9584696627104261
0.08954855208464174
0.49905260258571893
0.4146334218376485
0.6393735582809008
2.7653784414736293
0.7397174558674433
0.6320567832929201
6.191486530258535
0.8535377094765548
0.36167370706514734
0.4244573526988459
0.35282274886328635
0.5865357391720771
0.6994719606087334
0.36428731859540975
0.7133768039458233
0.46986274454988053
5.643515238616123
4.73374461210475
6.333377481786368
0.5612149722513302
0.43491021501819127
0.4277160046084276
1.2025999144602686
0.9434661834890266
5.957154623912858
0.3663474647143604
0.8390547662525456
0.24971192123642716
0.3332918170090501
5.142427251932568
5.108721600452954
0.896395445792931
2.089748487093416
0.2650518456360613
0.9724035296357433
0.5946560073736086
0.7231384085470862
0.5085698085853698
0.006048015645015892
0.200505613654963
0.7610800329418895
0.5219436858101918
0.7316145428990785
3.827405703134339
0.7476595286085309
0.9648084309685537
0.47353135308295446
0.6842098081223895
0.7260628767395174
0.9269721372117132
0.8788734685373489
0.9273407645612423
0.4269897914518732
0.006503068487195729
0.8000837392325597
0.8353677672020963
0.15823521053842793
0.9826416556587276
1.010394344144658
0.7280007709846783
0.9176315879937298
0.08257643531186876
0.4149894065801215
0.5436057368149595
0.9400194578984425
0.11518191036048042
0.7399204589415106
0.673356128281239
0.43340899257711896
0.5650719841758544
5.63784801124918
0.6380123444014469
0.3655325198898606
0.37436980595872416
4.000058267426477
0.9310498902149675
0.36737206329944905
0.5495805941394764
5.408506125732081
0.5903404761541334
4.207342738641222
3.079878093253533
5.679320869397846
0.7157002662240333
0.9263028408434971
0.9872561168203029
0.4613415022171815
0.8203485893324444
0.4013309986574727
6.047794175997216
0.6072297453702926
3.3798372133960353
0.760912571224016
3.9368227202577923
0.7531747108283328
0.5201701633895861
0.9418638297237395
2.8284644280448212
0.8620414756308963
0.41721819293690043
6.26642427870189
3.579426784050366
1.229959376324937
0.5291045861228799
0.5902825394733857
1.9185113804876568
0.7546020692652721
0.3705827304726216
0.38141531011008556
0.34436963880281757
0.5573731798728729
0.7277042963281873
0.37867787320531987
0.7336493577405401
0.4767966342605163
6.409314006998911
0.7683843696300505
0.9929679115812633
0.6937581495663954
2.029363849338935
0.20481640509532384
0.7750641735909909
0.8783057992147579
3.1130440353820408
0.6754494527619406
0.3840873725463808
2.3879273663276757
5.4767453109252235
0.39448621916709947
0.35206620548624123
3.6223184476449957
6.4036892303441055
0.8467659851584712
0.9349823026750446
0.39444103679751585
5.791748903631367
0.5548537516347021
0.6684530369089784
0.6040580405338541
0.5100972143460815
0.8523828313365363
5.456110562647531
0.7016199877845277
0.5551392183099096
0.4689339998567664
0.5042879848463613
0.2711028925786908
0.9941624064813586
0.9718845030325474
0.3632160521274357
0.6169341892782881
2.47801050327642
0.404642786213421
0.7736806479334353
1.3251376705138154
0.7639066170807961
2.4564204976437236
0.7682940349705829
0.6203543412593797
0.7024609067915614
0.9736948812192114
0.6913092784843454
0.9948853264996586
0.9822152114509143
2.0320747969471
4.295835227681247
0.48893866180896506
0.7967225509093837
1.9841501701198314
0.6577224906684003
4.9060389685136165
0.4420389712634132
0.3511555189140294
0.6758570557210153
1.1809460120051856
0.6928444594624931
0.48951857378214003
0.9674106469753015
6.941598909208329
0.5492653814240177
2.942699013682824
0.6760779458444315
0.44789036589147146
0.3679127808700071
0.8470258668187471
0.930539720051576
0.33957175541209783
0.36973318695045576
0.5619812123371829
0.9871437190299163
0.8897257723061798
5.102995697232044
0.6585482508475006
0.39599950259097605
3.8107454789890713
0.9602273730113641
0.5664424027730797
6.876159615794995
0.3742213597300703
0.560052595409482
0.9166114035130827
0.9500212904160463
1.4045745153411233
0.6250879470517602
0.9363238347279059
0.3401816295689891
0.38264804870726843
0.8758526019323745
2.1681352312821995
0.5139438550804377
0.7655310463376633
0.43233792848988095
0.5893172057068357
0.9222808570634696
0.3627159892824039
0.8312867655994601
0.6787140041907093
0.4982626110525986
0.4094672595202917
0.47327218294761353
0.7674702933303021
0.39587506107817094
1.4115806547020189
0.9259073045165923
0.5173171897759402
0.492045825710535
0.6068695255478821
0.10906228791335515
0.060983433334949044
0.7129945297667228
1.5052120822665978
0.6019302716115521
0.6752873521932987
0.8107997415261835
0.5297423049372818
0.6629628068791364
1.9782453175093087
0.7741530870214836
3.4301057329597904
4.149882069329819
0.3637562306955906
0.6291647389228386
0.4064634606932154
0.40722670597805444
2.995711848511265
4.6947377640647865
0.8061814906664159
0.8316541253174351
3.0165412603471915
0.4951044474958167
0.6593127004521824
0.6613921869979026
0.9689563256814471
5.7997444873421085
0.02542458270606618
5.415155302939963
0.7327679091111788
0.47730494981387284
0.5640541802658179
0.3898484290053561
0.37023555882913517
0.5477846459406949
6.7292533751075565
0.9881747941938553
0.3989146634106383
0.8917593533588933
0.7291754189507339
0.7178841789338307
0.5954725260174616
0.5724591758080192
0.7327106995330751
3.956374041237099
0.052199220357024956
3.7670052512754886
0.9537976484597817
1.2538194669611462
0.49102112941806464
0.4395314607286297
0.44076999314167
0.7078671333741267
0.6030826307913495
0.26883398700043104
0.6870752716540798
0.824738598118171
0.6598204947676695
0.4324343486633566
1.1805356379282443
0.9301566761716912
5.197097082826634
0.8361159840977648
0.5752394284146906
0.44955283694980386
0.8136633427634206
0.551239070346938
0.4547295754123879
0.4472463934417795
0.353660708877654
0.4908265856892855
2.4981318545461217
6.4904601487415166
0.781136381478781
0.42134516211772466
0.8369429990316455
0.44619192082283243
0.7998045774232327
0.6590695888033477
0.7399838081853123
4.187522196885394
0.8820667208511366
0.7181898672188523
2.4623147797853884
1.9092375933605197
1.12570888984415
0.8652491390319326
0.8243976614079467
0.799500983612119
0.8187423963096662
0.6400220724519509
0.40017890691654
0.36824336398454793
5.3232512690133555
0.7385769013741873
6.439629487266126
0.9925325266668465
2.025468169964518
0.4186741768221338
0.9330301072504169
1.6613051425583751
0.6385327766751854
0.28533331566516607
0.5035236740074832
0.9253941659302357
0.8133726007815161
0.822993513576368
0.8167380274316213
4.226362008811614
0.4289073576251372
0.4137394635702416
0.9792735290137724
3.0625033027956583
0.6724024066099371
0.7767598381308989
4.723097644067076
0.5459942757886992
0.890204160367404
0.9023259150444524
0.9979465726498551
6.686599546569286
0.7782243500396128
1.9475072963911786
0.08638958618121473
0.49165289986842364
0.8373309039997145
0.7748587104086324
0.45697774133546554
0.4641076508629308
6.6593418619379525
0.6870590950786527
0.08778285153580345
0.8479012921919769
0.8254444264757506
0.944179506730976
2.0271096149861143
3.532644685929542
0.9457783066369464
0.602049602890567
0.6682869976807668
0.838265218084159
0.40335199818364154
0.5509328636456796
0.6704291725581958
0.49014875712420103
2.1498817885156773
0.8626339040822881
0.961033849610458
0.6894872432369884
0.4278012366498062
0.7594744471414874
6.911872812715554
5.115321273297684
0.4546023306236763
0.503997377315885
0.8217892400261914
0.9283251873563967
2.669439059475392
0.8674295598619574
0.9937338942352624
0.4585263007414281
0.7455258012657411
0.49833754865557944
0.5595305688842022
0.5589217095779361
3.474304751872827
3.592575622495108
0.777895878456308
0.7917824205817843
0.5868515636894178
0.3788979961433746
0.9881422738265548
0.03423143310670573
0.4423683646825638
0.3712531458916769
2.4047654588704033
0.6103977172733712
0.6220464881200045
0.34569448590392104
0.5088923027630271
3.660259606887175
2.50606948403668
0.9218876599506525
0.5895399847905921
0.8463255290977612
0.8250079268559387
0.8100021502174297
1.2544503314389166
0.34520254114845894
0.7090488554721035
0.5193299391915497
0.9455807397971221
0.3865073346518837
0.510496065058525
0.9538639241623887
0.5837370255721877
0.5753304609295548
0.8543837754596371
4.466554008097333
5.594587287121594
0.4924920620505263
0.8162650123542664
0.5265263793875119
0.9112457988729524
0.3724530145441275
0.39686552261544283
0.9999190722210208
0.7619217065626428
0.9488004173922836
0.7825074784583245
0.7857916416877933
0.5404597707680753
5.706570376783426
0.561923569918721
0.7345757441119987
2.7597919025499453
0.06655573990486952
0.36403031706684075
0.9839937486598589
0.34566458447599
0.5397948577143247
0.6759814787248332
0.7688335097214108
5.00316829105898
4.242321042784405
0.35670334102774015
4.849681982709637
0.6520371112616556
0.868366023980363
0.42776363440875786
0.11584283969904652
0.03041533025113463
0.5725157981644722
0.44260372230884093
0.42240908291209034
0.6523759865321087
0.46772883467675785
0.40799068597876187
0.47951196385930395
6.1268030346612345
0.5472791490660909
0.7858669717621631
0.7702104113735686
0.5885959365799893
0.5988646834002914
0.16257957978155724
0.8981564018785935
6.601437256006647
0.8569678158751478
0.37802357509970086
0.3473280550190009
0.551733845413482
0.8958501855269888
3.9209809167125016
0.8948795608332996
0.7636060883039739
0.7323793845623113
0.5652388331673021
0.6620346290131992
0.4742249695996005
0.8753066885949738
0.3443230080705265
0.9182558497316479
0.4000720451587022
4.351098424316426
0.6106750231704469
2.942691835145186
0.7099120350058412
6.430913364806134
6.3030063776777965
0.6495249422244985
0.9260351451401151
0.4622414958854951
0.3116660402208261
0.49591399523820046
0.5819433629261967
0.7973707507562793
0.5320890510005029
0.3881123057059557
0.08773007513496289
0.1986778994228331
4.621694433967411
3.367897490371891
0.8043588835185427
0.510719198261173
0.7826598807000041
2.8646495482761836
0.4525241650645564
0.7700706724190539
0.9005464214605104
0.5845612773675554
3.424001384576452
3.744756912357864
0.6650234855339404
0.3990855462062457
4.426076603503833
0.7421682597728156
0.4774311456249407
0.3338248908078292
0.9200147940934014
3.1986343084281668
0.48514321373528746
6.166787662684483
0.9183042234980959
3.3626252992348906
6.5584899018984775
0.6651653493830317
0.7532850430233005
0.6363874530992272
1.4462610242318192
4.256976702599249
4.4741867728371805
0.6949223257557455
0.27893187214584014
0.9178695439957687
0.5452613324158563
0.5397277192434868
0.7839071975417574
0.38961004245713693
0.5756513118056203
0.8165632878017322
2.8632875299092904
0.6575942965738546
0.33189949619441084
2.568751617470763
0.4670207582178466
5.486353291060882
0.6049345460724906
0.9631514868496256
0.8661737025203889
3.7890513087911137
0.518339053116402
4.24955343201797
0.6125048612223614
0.8932672636405316
0.6121645540284012
0.671616090164838
0.6560963285785533
0.4839393278490609
0.8017266643505313
0.8380147514348675
0.8932929901318232
0.8234913834921193
0.6915698468213572
4.843679692310128
0.8202932236163231
0.5039786967730949
3.615571959156415
4.105065644573758
0.7420322730205209
0.4923063775944202
0.5486118526139906
0.6051537170954081
0.37592779984701463
0.8747742549837625
6.099601155821317
0.33166366660187374
4.078433851044458
0.9009416992433602
0.502297905185756
0.7852915300333156
0.9998237998505622
0.3612930357519456
2.0857146880662047
0.7817658332916643
0.9896543959517758
0.8105254684348836
0.5247704114901645
5.228625573802351
5.946007842945516
0.3839606374679979
6.007991455003036
0.5380337404641751
6.704188593885328
2.2162611540243926
0.4299474202658068
0.8132570388503044
0.3946072354107887
0.7214762140790112
0.865373600668496
0.8135699278873006
0.9913663609546003
1.9388925056394917
4.38095947413482
0.9185386789968933
0.7495285283147973
0.5420554260699029
0.7604863582292436
5.649876399901099
0.46929160616688737
0.9079150936587729
0.6966915152596882
0.27269627218311854
0.5722279792035004
0.5799676964755813
0.490818823040194
3.2732056858607605
6.135449292571414
0.43580794746587526
0.69977081558881
0.7962835246563776
0.5892262137763281
0.43078841267998047
0.32601885402664577
0.3587662490898803
6.934270719392117
0.40583418120543047
0.42006198031144726
0.808819659252271
0.706099645965298
1.0914475991510342
4.948257736067522
0.6949116534535773
1.5814432070293918
0.43623797360333394
1.7477058272064658
0.7511379860999313
0.39483131526061577
0.5924967506183649
0.35291846225652757
2.1778232259800774
0.5071935075253723
0.7984807143078331
0.6691531422748825
0.4556297743057238
0.349503665271908
0.6946490751535567
0.48790838970589323
0.9205691070683024
0.6585708017223059
0.48093919514946804
0.49374261125856544
0.4218332409346608
0.1611139872312557
0.5669868832597003
0.5604141288710371
0.5850213699958468
4.852943017821976
0.5106933285737012
0.645603413204614
0.4734965152041847
0.8768359429759566
0.6057848714431279
4.578100382620605
0.5759062924656565
0.1739104865510166
0.9101748379802447
2.0913968374493628
0.7069843137332119
0.9109204113212129
0.7980945060017997
0.6310886494260429
0.4797153616677905
1.1140133527174667
0.975725480110805
2.8304688525999127
2.4918412994374464
6.452117321595905
0.8995678160409063
0.7032809749447597
0.5163601155513118
6.650708307386856
0.7728944020088965
0.8433847496519691
0.3804164078034772
0.8466369082762445
5.634127381275419
0.8408782714494779
0.4215027245636478
0.6030682543555379
5.860321362496006
0.8881266502135634
0.6079427848678881
0.7237647565116697
0.03233511960475932
0.2366995380326744
5.56809920816448
0.5596966545364322
0.43165707574843026
0.7740828200711494
0.8571559307271568
1.8945411198923092
0.6186286922293451
0.5886528944856501
0.4712129481456466
0.3684727818242113
1.8262496254283151
0.5343511909494498
0.9183963553652429
0.6820218612062076
2.4674233209404433
0.5196774249572514
0.6262544271801488
0.8220883010497495
0.47913137419487706
0.5644421648804326
0.44066695971850844
1.819377144632232
0.44929000614835346
5.489757106207448
4.324415319392418
0.726465049416365
0.8009018539289555
0.8076434369962163
3.8647120244709177
0.48283853176020564
0.5011980483485222
0.6502018711456802
0.5923028204053759
0.45015088091139477
0.6031099485994544
0.10744986600847362
0.5289621006520547
0.9785145787215745
0.7593544584272076
0.5696618911450773
2.319898588800151
1.499893717971052
6.112822336372487
5.5248795918976
0.36802638933755294
0.6780048162344894
0.49698529818254067
3.7845650933636907
0.4967531842843236
4.649146584322919
4.420360508601409
0.41046581998659826
0.4606607448977498
3.2613003427558342
0.9827230892544528
0.40470287620605305
0.33785509749841447
0.3961912172573162
0.45088149722609205
0.9425185805161812
3.7968265557169922
3.9838797488722224
6.385668833871274
0.35864337389885514
6.64663087626861
0.5667615279791306
0.6982668766734428
0.5286444343606673
0.7694705874033857
0.6221335787721837
2.3907358747795397
6.5443076376304035
0.5017508384648006
0.29766837455325923
0.9455668339396947
2.1898240766319477
0.7497212712919392
0.474092683562341
0.35898871212236483
0.9305714520436545
0.3874630440765089
0.6500094068215434
0.8388986637497055
0.49813727868996727
0.74545710632197
0.8817227992074073
5.300012521912566
3.9113994183357943
0.3617135394667216
0.9580053866451937
1.5398927227604837
0.6382472239270593
0.9540811267106927
0.9930825560672653
0.9007438019964654
5.278349605491704
0.7913762318966103
0.5184415029481411
0.3587874784983659
0.400247500996061
3.717875409320666
0.3627349057056096
0.5032821223779161
0.9195670657107782
0.6426060535503428
0.3531405579443617
0.6782423522446336
4.543998085559657
0.8764304992538113
2.180999289762882
0.6999829341905123
0.7438928604667459
5.612067523558328
3.4240860542849347
0.7390737831664014
0.6547649859704335
0.5621211453812589
0.4217579811774709
2.69370886100485
0.9440573264374762
2.564692344331762
0.33969990610958256
3.0249660657341293
0.930303142830922
