2.5996192348674043
0.8330098657439686
0.032978410150731996
7.054273222942989
0.9297766627417152
7.826588442045351
3.2114549709508617
0.8635139700453206
5.090226230810598
0.625721456976866
6.3026957213017445
0.6072834595130303
1.1088897545653928
3.967935384122992
7.650642137550266
7.738449581208088
0.14032635732411014
6.762458841542607
6.130275609629283
1.2817731521763678
0.46879189445716474
0.8388952174706303
2.5410720097589747
5.223486466355693
0.8657899592803167
0.8252531244297571
0.4308081436107176
0.9146127771153137
0.103514319804622
0.4596884192190118
0.6170631741648853
6.501870952634109
0.16492819660821711
0.44089114394730056
1.8562003663902953
3.5998051148259593
6.945683244127316
0.8715280583883637
0.9853787130690199
3.7275803492462067
2.599799951397525
0.9090443377516672
0.47060688762926806
5.681430868379956
0.45429934401589733
0.139615428923618
4.192675296183357
7.648707410675677
0.5644054401548357
1.6889670078764691
4.273294837977533
0.9224167254334976
1.1580389339798405
5.6885471304012665
2.6783563588148276
0.8285570846261677
0.9506435678077361
0.8418135958180925
0.23416901925089073
1.9853942923741057
0.3854715739824264
0.7542088586627269
0.7189732332152088
6.2107401946021605
5.6024580429698565
0.9974093091641056
0.9581550214448085
0.06177522493529575
5.073237402354582
3.7921213767614406
5.266432068753929
1.0681591309144984
0.6297284151118561
0.2895004359981217
0.8888224039998525
0.5421964507767782
0.9256485790544164
2.4718177091524156
6.870254086139688
1.7604067145022215
0.9762249717590883
3.1138250597509805
5.008791623022488
0.7615545306766343
0.23441231022481013
4.797096058325556
7.401343505797646
4.622328673047402
7.097328568654147
0.8677726645833207
6.404326433328502
0.8917321416549137
7.31595951514753
3.4891546779727642
6.449910262170914
7.600173601817493
0.717652652809886
2.067964377436116
3.1948747420778254
0.7153665273674991
2.679393517018621
4.905651984379871
0.14352915163055902
0.9776541403754495
0.3739874127111382
5.503719538342533
7.345547230131329
1.1638592034029367
0.9466672425753974
0.9175669603676915
7.568299360463175
1.4450047555787338
3.375239167043288
0.06796057914012343
0.27434913150881113
0.38505657442993035
0.7306061451273015
1.8955936279774548
0.8500455410671286
3.1830619370727415
4.219889355266411
0.5141492672218488
0.9749028784783522
6.851558392773039
0.9034299190446893
7.937135769256448
7.592345747938902
0.9700391352546048
6.3885715852506415
6.480582589785498
0.9455166682430626
6.26408720637219
7.9192849314886065
1.7073408298946982
7.632447041748669
0.7150489916085012
6.3322074082547735
0.8942426576228374
0.4577618476592572
3.4902658207462505
0.9899849563716137
7.716674664302444
3.9524117022825918
0.9053971866579433
7.051418032135685
6.2224330239031005
0.9409931974492686
0.6822108636523329
3.580016896043534
0.8217179674176724
0.5983649186215748
7.713244924247621
0.6106439061751621
0.2174973361656578
6.571187037396668
0.3457086995875476
0.9216255127898182
0.8927334421708105
7.89180569996347
0.6954864002088141
5.773548641435797
2.4629357186517957
0.8726093148599287
3.001486624603693
3.4217234826384955
0.565407459123805
4.720155134489587
4.150207859577451
1.084911165304594
0.13740732637369457
3.373443238210079
7.66178620003636
0.8738080348979149
0.8496079498043682
6.176098664858631
3.2936333074603885
0.9310106691920319
0.9020702959159511
0.9052109906997616
0.8501781046186867
7.563871638494636
1.6218693910568671
0.8969524665860626
1.3741565219064338
6.236962517703921
0.1692575559063909
1.5527956378918706
3.2366765705263187
0.9892394765392435
0.9951288441164104
0.6660763387130558
0.9543632413936898
7.524684445530288
7.956008873893989
0.7271494566507446
4.980070159864541
0.5184783691908437
0.9884805825240238
6.779937004805768
0.8614700768709483
0.9721484615077376
0.8913055568674457
0.9238725925528894
0.18281225346742158
1.6197815435251384
0.7749141081250951
0.8427972259547345
0.09687882711632434
4.1387515137657696
0.7851027566152369
0.44797737960169215
0.04244250144058126
6.571849460538218
7.862314978505349
0.29535231415720664
7.1450277437367395
0.9520253623588455
1.24732768119802
5.9361330966423065
0.4432269062599079
0.2026621935902705
1.9568564192616913
0.3847355685712822
4.214620361016959
6.340136545029772
7.1248933678582755
0.5748552326750302
0.06356250999309054
0.20279173667228978
0.8420829930453085
0.4859428367779203
7.817260525199861
7.13639455794713
0.7039017675790719
0.2005496622756351
0.9798433250943857
0.6463198201363545
0.9403859420195607
1.7122647800861124
0.966631156583175
0.9175121451514484
0.9538260550051686
4.917964172137703
0.9058930357724871
3.1275929605464787
4.758552670395847
0.8590294175262996
1.2391540301215613
0.8508158089096272
0.7797510170576085
1.729483870950494
0.9522206399755324
7.632431754235525
7.8707825289509
0.3602435865137339
0.9810025253670256
7.067219239335318
0.555613365680607
3.019258696959259
5.700145491265739
7.693918385192497
5.2281202947510765
3.672394307446332
0.9842400535174228
5.66656807502016
7.195284530202729
5.445378560804438
2.4337526541006724
0.37928844654408655
6.671467764339466
0.5042953317730114
7.635183881267698
2.5920670336871634
0.8829642047858526
5.886058949567645
1.2380003399965336
0.881359449669818
6.38298445863875
0.8519612141940522
4.099514092531741
2.36360986555278
1.785348035257658
0.11924132367920937
0.8103956548132575
3.959023546431146
6.964213184834555
1.9808447585922329
0.27636826545191884
4.13748420692553
6.128687064590416
1.9362367271317762
4.15754865107068
0.12985654804813507
0.3741767462240463
1.6448183326057375
0.5981658430747469
0.2843518508009346
4.001951319900619
7.961011486886456
0.954471541485602
7.321827354419951
7.924690908495565
2.716297549748826
6.145220730766436
0.025621350147104094
2.823970615785843
7.775761719695752
0.9234112816114928
2.9811206390997684
0.9702148969125945
6.3709913532242375
4.594912409868109
3.005410263847188
6.541615839695497
0.9948176571191142
0.7027490101699007
0.7498259537057469
4.8010751894048544
0.8509956939105654
0.8129122945907306
0.9068434533551484
3.60065770032426
0.337314206135669
2.672902667748364
3.8216259549830687
0.6761262358821676
0.04380338076827783
0.0008731391783806108
3.233994205708896
0.46737397898133404
7.0961930000620566
6.493250554445508
0.806901396028619
3.693205893311089
5.9254100627952955
0.790987631321984
0.188505250934637
2.138578141254671
4.568297320282214
0.856055612818579
0.06050744967887012
1.1759997631260521
1.2918341955984864
0.7951934995791081
0.8134316368602734
0.992970865105666
0.8450275413197847
0.2617154101291326
0.299048668219684
0.2526331924249008
0.9485915581454114
5.336023714338005
0.536572424771742
5.612927697028746
0.9181363064408216
1.8184084354952814
7.740495586592745
0.018172643395167887
0.1554195956732849
0.927896311468292
0.971900390943655
0.2246141603156797
4.1384102324885275
6.116862725376657
3.8533214328491097
0.9839836947119364
0.4033629822502207
0.013234220649452011
0.8586570400602033
1.0407770294017205
0.6900784604676059
0.8958341188667731
6.461669404480293
1.2706981460446096
5.50596230979854
0.8210286318370513
3.5096879511340413
0.9889887522616495
0.5537048740777141
2.610613520411759
2.1654240280588617
0.13188165434477817
0.9127312541304351
1.8800310746464008
0.724521275551874
2.802586695104962
0.3715978283863891
0.5022583566192172
2.5945133455227447
1.744593305106874
3.922642524982236
6.235544125315092
1.206233510817155
4.133453506778782
6.8499892781995015
0.5694907699478423
0.8079510830328953
4.422799765205564
0.8479919487969889
4.11988900933434
0.1605609097099151
6.385588668065189
0.816305083037341
0.0429918469751327
1.8991234411290403
0.35164233311826676
0.8129585663543277
7.335085779811598
0.8143180908071985
0.6679011853429415
5.5014028417854615
2.217615573176433
0.8197867093406358
5.040021786328549
5.822596041787424
3.522121224158264
3.3620779576127564
0.39020873791227917
0.7083781383176362
3.454801620435391
3.6800537833562776
0.9240529408626007
0.9174283591888015
4.010941018447154
2.500707740949135
3.4880209987790227
4.101774219485964
3.365454159613262
2.8927535475019406
3.518007579983112
5.890475261284518
2.7190175865662747
6.7070479460964725
6.004280953311844
2.691343685513888
6.227934644368118
2.5975432315355285
4.6819386204268865
1.8962378783321636
0.5316408819844848
0.6794709888995325
5.613853763362538
6.984890597869361
0.9337374446622486
0.9867255970406266
2.5688150553514504
7.263606608807967
6.847239075386674
0.5074793092224927
1.2409514638503465
6.839595384448632
3.0991247840259106
2.5151620771201344
5.511901899414588
6.341901083128715
2.744021110577753
0.8337921792546156
4.006907182199045
4.766433099105341
1.3423290963583083
1.4988338308684162
5.709982962476851
1.7008733799136406
0.4184575203130818
3.4309581951791666
4.950125070761324
5.281834986255901
0.7912619174973301
0.9538847402909858
0.9214579348178159
0.6219382117903094
0.0844173835955907
3.3310905364102714
2.0130943372519425
5.475834771969521
6.232742712899938
3.196900434439611
0.7289344281872867
0.3090741931143035
6.939687191751034
7.525102083999156
0.7027868824576925
6.848496582574596
0.6742649007823617
7.869447949544409
0.9295705304800033
0.9406792518753132
0.11819655502011983
0.8831544197777121
0.8746775587867407
6.4677974475874205
0.8453731974041486
0.6603188491407117
5.507104686858804
0.9679303101525711
1.2628101588123384
6.672552423995717
3.9256391331007006
6.444711573135398
0.4174045681011922
0.8491248339802416
0.5444495715578652
5.711234180495402
0.17347518085308256
0.822323081984653
5.0076029166841165
0.864142807083929
1.6120971747187793
0.8641087687177416
0.6974623358720775
0.802854663366545
0.8280011375406007
5.047950564357475
6.125362713024771
3.9740644573000043
5.77518309063832
1.9132764462809293
6.689050426786709
0.48894732164765786
3.92807409539496
0.4211213086509563
0.4228187165683339
0.32178252948161024
0.9267080285893622
4.809915162098765
0.8335111387214208
0.5538892313255278
7.94000963465114
2.106054702003518
7.80225743413402
5.692325535614166
0.3352538163116465
0.9484074990321288
0.2615190836361372
5.7180650115760665
5.743725001095188
3.468118968518251
0.6840219049983531
0.15492162134658205
6.82440011682314
0.6628564045002701
0.32512736011624277
0.6556691388214837
6.237081810245151
5.001941246929818
5.442139727096984
1.6913760922276122
1.3662157161803385
0.05129877672500571
0.6139701861506417
6.872135207151895
0.6254968146684029
0.4224920763085721
0.5737791065546329
0.6333827063880381
5.495140259317534
3.844992044107337
6.436989274555149
0.7811942301507122
0.8249226227826111
1.6154229258826769
5.200620581503395
0.9066892251427336
0.6328248617589338
0.9100587678704043
1.7553571689312113
0.8127177295462542
0.6584450380259691
0.5021733507964661
0.958478944752035
3.334414068935498
4.668423805498289
0.2123041211871335
4.818042716450604
0.9774150378207921
1.93353224445225
0.04422034619858506
0.6789219444802248
5.283530969788045
0.06878135418456977
2.7972862325064245
4.997512662954303
7.29917480653981
1.9074561052761139
5.935535037357311
0.9314196360408039
0.8882442661283299
0.35720472854971863
2.849701139854826
1.48354178158562
0.48595002205199533
0.6593019328605223
7.181788908363831
3.1291203387788533
0.9184039413633629
0.9121786523095693
1.7584804380250763
0.3859047714921202
5.026414815962525
5.974063138911932
0.9108927235138917
0.010133097080816555
0.84402378968342
7.821457902511666
0.764893820681188
0.9620226550063498
0.9596268915709355
3.265832381007499
2.5222503923025297
0.9352752998544107
0.06579132772241536
3.279389123337177
6.661492186287243
2.4467506179136214
1.2489456988864545
0.3825790566131414
2.162594241284851
1.6617302975873756
0.9943763150069929
4.470739615825621
4.013898188101086
2.2163912525981893
4.6160792543723055
0.0510715631816927
0.24290568428389214
2.5312617125933903
0.5090153287386173
4.843322936733959
0.831619566002309
0.9086589621067064
1.3154558131707637
0.560610984166802
0.8371079304553186
0.40123629595315513
3.6317204052317154
4.415935227159431
3.5593816768400846
2.7691533910627824
0.8814271926062408
1.5867091521033112
0.9234764856696437
7.3453729690702945
0.5467873171088434
0.16905275992334057
0.9217360511927063
7.174860416342443
4.424203835327882
0.9370340989407505
5.562757310017559
0.8997017404776901
5.569470452580168
6.240008329275064
2.680220510816481
7.451954411164583
4.675191609540188
0.8863640392042959
0.8874664234363926
0.9346840414440153
7.5077769874912255
0.9367141360640635
3.01322209889803
1.0012258261499403
6.8917629288246784
0.9244756596464329
3.5960184547801664
0.30010830668010635
7.076305280405255
0.8821873286526625
6.147005139235761
0.583892721940094
0.31411119884281247
6.473974825974181
0.8264383854471736
7.864950701513047
5.964049718712244
0.41958783874177763
2.9995806035707737
0.6011679054248198
4.811000271058773
7.007385355398789
2.659971526297677
0.10692506080531583
4.516568845340791
0.05693693917864895
0.031129476382599663
1.36609649681907
0.7142460946830638
0.1777782226821144
0.8365776459403521
0.8873719141092229
0.11155993222182237
0.6957941475615419
4.561494169042062
4.594649231477338
0.814087167390331
0.8468938485218666
0.9708171355016602
0.8236002419745618
0.8126484015423685
0.971897177323999
4.294453514584018
1.4737395502118655
1.4652568975944522
0.9798107479895798
0.43324983387100535
2.329722697457341
2.1877155593512
0.2152236591923845
1.3904147077414217
1.0405991312224083
0.8426496587953886
0.7138828473939967
0.8572529567653048
7.167409349320057
0.3478294269950454
0.9130191352764443
0.19021175428743742
6.820181157798578
0.4805633947424909
0.8142848595296583
0.9962881042027957
0.9772331096696389
0.9189842561163202
0.9282147587649613
4.836239466236104
5.066784963410502
4.271742479503406
1.0065310619269106
5.856422965169883
0.6484974851996992
7.54169333233591
6.21361495974156
0.08271312553384558
3.1519203112610477
5.046469669086924
0.6809807942692632
5.448614904180623
0.8827324970729147
0.5959273162257803
7.363050828507201
0.6040914176221847
0.6189398721024171
5.098404535039449
3.5096220576017236
0.6080743845582889
0.857349853017877
6.159812009336765
1.7644942695277388
4.700669078798611
5.312559136144515
1.1393654706100147
5.238259842513747
0.000762704326683239
2.615716338403617
0.872185130388303
0.9263554708674584
5.112521833641097
4.598776905174359
3.104680598810978
0.8811276627712792
0.8926893861359843
1.544531596544683
6.267114976387554
0.7753406529831128
0.8970513834391456
6.354058148468783
0.2518830215065947
0.9351813448465994
0.8168513976236483
1.0387940439073837
0.09298563128501414
0.0503207654903034
0.24397100616234335
0.5670124933615325
0.0662075930581647
0.2592312886180572
1.6227590144309172
3.9438134649737844
1.931401548268867
0.09368117231814121
1.0850226115093262
4.522101272248931
0.2439187111366542
0.6188610252038723
5.877796485281726
2.9298725722749355
5.8971009667979395
0.8300685695013498
1.2804232296626816
4.215082650338475
0.8706814388392079
1.097278299920836
0.8355290857425575
3.8817863155875667
1.2268544614639936
0.5802818051851224
7.515105159404297
2.958625909947078
6.462038926001696
3.633661353002106
4.194794192254246
0.4837834980491069
7.086922067602403
6.368682979564414
2.56541912944612
0.5770747945483077
0.5935417963998907
1.7210200593051512
0.629223712555622
5.722895363228535
0.4990229965806744
6.314617091510835
3.2142142325825125
0.6249831508144184
3.907651582208773
1.7779350971677035
6.832113793485561
0.879574590856586
0.7505555655245558
0.01780854268553833
2.7525606569636505
0.8884239997332809
1.2248172781970554
4.812101788306462
0.7466106758015845
3.455080970661081
4.867290183505304
0.5099265433679344
0.24079343304106982
0.13718571737345708
0.9318498583223657
1.9997422609760624
3.7551573509431693
2.1955647355171726
2.468275674494742
0.8826219200127668
0.8319716106449242
5.040855481092867
0.2506430101039898
0.09412615900277888
5.861751045677846
2.109104541939164
0.3428187630889028
1.600414139302285
5.321699989965997
0.368034612059818
0.09080146353748886
0.94317428436283
0.06062195827122363
0.6540874217544754
7.944959139887727
6.680032383276963
4.240994916606738
6.320995796733502
1.0907276148586567
0.8791693084423672
6.178746497699279
6.363027250548076
6.5450259077965445
4.176718849007988
4.208037480591335
4.345040659677286
4.317383475483406
2.8892167117621
0.8722271148449017
7.646907231164567
2.36212517790083
5.216844386812718
7.580635837524772
0.14538304108310118
0.9978553191006345
0.11470715877829984
0.253509553533909
0.20816754703194995
6.97382116416551
7.9585461038171665
3.697164585726698
1.707471586033913
0.5381593575025416
0.504291251808387
0.03294557263722542
0.14958469453078216
0.9532896650993627
0.8380633885485423
4.331782291745377
0.12182285723228081
4.344669497911783
0.6669759225953314
0.939611660227992
0.11564960993336093
5.131624945962874
0.8638961035055938
6.973350513624302
0.9305446414627766
2.220522612995995
0.18366330967615896
0.4437556206465336
0.715166079483974
7.182362860064533
0.9583085501460203
0.17007115603363498
0.16331816724476989
6.130177697491021
0.3426112963308763
6.417090364917346
1.4474075460130829
0.9931645168131118
4.809722335099686
7.520758526655956
0.9603906189189365
5.695165467166489
2.1509264531431525
0.8573391734069423
7.295489997117804
0.7300695189021621
0.27929880596228085
0.9260408163837018
0.2011067660030852
7.391427637823054
2.276009040743096
3.0175675906307973
2.646907913604304
1.4030891088259887
3.612761145535301
0.8579201296632031
0.22133459748585949
7.179755353939705
4.107242354249665
5.363595110446454
3.451002344774822
6.515950244083508
0.9804080175407172
2.463077096908809
0.8914547567283506
6.344756899452946
1.0813669784969457
2.4794645809603937
3.994728779047165
0.6854351919439544
0.8151555288414427
7.83213757630612
0.6128128376958477
0.9670830191079287
1.5900120935156616
1.9440907516243886
0.13109180205197912
0.26036578920357023
3.670963687009394
0.8502641679625792
2.8598581522651347
0.9323001225706382
0.8433247209217832
0.5487275253475824
5.860261177514112
2.9790114916903985
2.9559567261531683
0.7504594713823044
4.555240551186979
0.8940847219894652
0.8445584336934294
0.20613046704484694
2.2242848204113272
0.474182954658695
0.9503966530290814
3.0270264165395533
3.9153830621455166
7.4908255762161575
0.3344001757180376
2.855576644018842
3.196682512107059
1.5124378879246771
0.8601398383059551
0.5266557995751484
2.9818582313276565
7.639563872373779
5.314464037673251
0.5065301204738473
0.8424584953837752
0.7607286999681468
5.520795002131734
6.953931113779129
2.2604894018555948
0.14920767908985622
6.3947740259483625
4.43845311502011
7.440580099978768
5.635882372714558
0.8347819801260709
1.8000883653447088
6.842493061464294
0.6407269297773065
3.7494711075622096
3.5169327543289146
0.3233272121614862
0.8859661918339364
0.2458735928365826
0.3139261518166673
7.162904988318642
2.131995869586623
0.8945949259702818
