0.5310110064838918
0.6941593495315449
0.5434759257521684
1.7334259195598225
0.4826945626025321
0.6468237846751942
0.6414615865183102
0.7690376695980977
2.2425382392865423
6.1729183160045595
0.791337653462376
7.168173418643776
4.543552400783062
7.7895883401555865
0.8993684744664739
7.126508911760926
0.6576133978217202
0.7116886227941022
5.160110286128692
0.7074399555429715
3.9599535749059562
0.9020420388458104
0.6996697159436405
0.8566827119105828
0.6727556214892284
0.7004867316775686
0.8634645397972618
0.9166600827643733
0.9172691303514304
0.7975038010622305
5.083653265360006
5.189666221309748
1.2087590532409402
0.48446236877885906
0.9961687972477438
4.60947994760222
4.551403133717399
2.691077147066271
0.5776887221485602
0.8810482438528195
0.6954154519296226
0.6191820303557506
0.8721869281240494
0.3027942839218154
0.3282316669557308
4.3104439739869225
3.586145941411705
0.14749657941213745
3.072179451913211
2.0039317585273224
0.02760321404993782
2.010664351696186
0.7898209887603111
0.7014465074638048
4.256911475008012
0.6091630792563277
0.6687888136849898
4.5218456210397875
0.49700640042869726
5.23612957493361
0.796586971902615
0.6274568610259991
0.5689001315289108
0.8437681387049815
5.18031783994211
5.544776419871653
0.135261336801077
5.820254662584901
0.6673297495788919
0.6528712083347482
1.2828393970543814
7.734900153247627
7.395657571854178
0.7599374016935034
0.7503058945200994
0.9612574343486181
0.3424354069216219
3.957329860184349
7.89735440580592
1.6625323730140957
0.4469756756821651
0.048710397288606044
7.46874364911725
0.5584701405129691
0.5319145215230491
0.0732148917587051
6.7183676218122415
0.1769853059804697
0.46245818165288655
1.243905118088021
2.54645564103049
0.9514308589739412
3.9556880508492815
3.8207080512268536
0.7947545265865781
0.947517379276661
0.6548090649134041
0.5189012682309274
2.411494040783727
0.9365202510890587
0.81060236195274
0.5047888166715575
3.481915593536188
0.5948139253497324
0.38267623601680756
0.8686287781248498
0.9621494082986783
3.3373628875606443
1.758849564710344
0.6352877078858824
0.9637803410111867
2.2025440809443833
2.3454064338660254
0.7889365600126252
0.7717162564662013
0.9262509664313883
0.7511078546298797
2.079396815227173
0.7462311416347228
0.7724669914086961
1.193652170197299
0.551085620098839
5.355000573212547
0.2849454279488549
0.7832675559772468
0.9797522093458667
1.2156125432218223
0.5227181739167998
4.302060408244813
0.37038841670419465
0.7087630924305243
0.6248630725683793
5.072134667876235
2.870994091738381
0.8059173548693296
0.970681344037874
0.6622173365058743
0.4302266455898798
3.1847708492611133
0.9838894921972566
7.388331471618844
2.7188086245964707
0.6800211546430792
1.0675008489630464
0.911452319741883
4.348724168267648
0.047184684192818294
0.9253145509247332
0.42744984725617796
0.8917269420808427
2.6278186173944356
1.249028720273734
0.25809100236963745
5.500950650658525
7.169046311480211
2.713693407762518
0.7257993635599955
0.5001423595086255
1.1908613532030516
0.49774692284467426
0.35406235858454105
0.9078992743409833
0.946097927630027
0.6488950730690363
0.09604497172161608
6.26643501449108
0.8070231119238641
0.6071524538203706
5.329082624109103
0.5453391304989529
6.21809851448519
0.5011584533187414
5.403406781952365
0.8850702076852093
0.6546371310642716
0.8446024419646644
0.6388279988333604
3.142613072942356
0.6658366655322144
0.7154760828901044
0.25164471737341976
0.782783624602638
0.0956426312918901
1.9997918850354504
0.4503353243192041
0.5849277842251361
3.689420491505988
7.816911841959611
0.6701086573951162
0.8633351204597721
0.8552172088919162
5.618351466710521
0.9362510787754325
7.118580610491137
0.9884467742824646
0.6183571124272408
5.41372442018549
0.4320376144885406
6.7230552151041785
0.8543146898828463
1.3148743571077794
0.9322691858987466
3.2140853809322874
0.04991095961150749
0.8563028059157064
0.947328054511883
0.5629733343639055
0.5388986066560131
1.5664389223881692
0.9132292707205787
0.7449203249629461
0.727390238256622
0.929114118608274
1.7108218065375054
2.6594461144993433
0.8566339748109032
0.13933289115350944
0.615694186369625
6.221199812982667
0.9039328759996899
0.6867573580654653
2.0642357644899105
0.9522189537190999
5.562553371961112
4.397447042718661
0.8572754783278452
0.9423959324146738
0.6729211564380445
0.7396278519121724
0.594662351419108
7.877557031187357
0.6008297322876134
0.047065828152496825
0.2353424484404587
6.883171293045979
0.8803131747466035
0.711477916970882
6.349609995277373
0.8157225999539323
5.276294762646048
4.089416922241085
0.5262805018194026
0.9119984060993124
0.9858525123583253
0.727379818994314
6.522794273799638
0.04241986471214876
5.474534371947696
0.8434764654526107
0.9142166645655662
0.6279526289273164
0.45095249990532515
1.5464504743906247
0.5346008026913286
2.420752540551348
1.6034721802078957
0.6175791650845017
0.9691463061196159
0.5471427707803912
0.9845712531129482
4.7784666538163965
0.7776836188399434
6.270099259392524
0.17077259746651718
3.7992126687836576
0.7601752854862479
0.5789627709349779
0.7865657929298361
2.6915876601784783
0.8228176190954625
7.6178560875645545
2.580904646338899
7.487561641012056
0.7647532490319918
0.548438815199887
0.9997778873856816
0.9489240427657362
6.137542772290003
0.22766132669936212
0.783791306725375
6.004167893293979
3.009860124844333
0.1773795186188144
0.7163346985684749
0.5506339910942402
0.9394481713159204
0.06141215040272885
0.9417401407704461
5.761387218789812
6.8517155382883965
0.5655641554585904
6.184713250315133
0.29882787139345157
2.712587464124095
0.9253239753906506
3.9526981913716117
7.9246069534821775
7.744202734459823
0.6269039860795447
0.6971007016668053
0.5659271315354273
0.5438360584525066
6.744270813416207
0.735406878776086
2.441457963760274
0.8246862610933912
7.425209628239879
0.9810213441268205
0.6074300525466997
0.8312676504863937
0.016817736811732154
0.4565855032308306
0.6511756576236057
0.9176589392005967
0.9652483829526836
2.3228366713259865
3.9551616298124364
0.5007797782418502
7.989434311977353
0.6172212408637263
0.9847210517548686
0.1485615301347566
0.07002628518299114
6.555210793899105
0.6274056087952361
0.914817253941465
0.7869139164192696
3.011082203582821
0.5367752103842988
0.6993644804728546
4.134670431213703
0.5612029508522858
0.9889602570990323
4.935002391658556
2.2222112224319908
0.9160811996199051
0.8856078692910166
0.9781860283407532
0.606300068981924
0.7413312274212926
6.954785584460995
7.589231174403666
0.9176770503097773
0.5856693168448104
0.5068347504509919
0.27373167304945467
0.8135364630784149
0.8066466726028592
0.9567501378274798
0.7247281836428313
2.695494406939596
0.9134288430114186
0.7132626908020969
0.7441399816394054
0.6483609719790765
0.598383983065747
0.9707051625314804
7.377859594723086
0.8549835719539035
0.9568769184459365
0.8490102261268081
0.5021791344700607
0.9834843006260012
1.7533933143869929
0.5098873367170345
6.659223045146238
0.3171348806241654
0.986218008519152
0.7336603442822915
5.910866196885077
2.4032395943293228
0.5320764748610716
0.8465558292791256
7.63241898848539
0.8917873918262255
0.558665264563075
4.437417549419016
3.9463063233050564
0.6803792038844747
0.6505752765096312
3.133074451115675
2.6657176951940844
0.5807181771989385
4.54810418826099
0.8220497475254864
2.790500058362455
0.8684011786466205
5.139511489331164
6.017156354855266
0.8319426531144023
0.5222583393907263
0.6832780175638695
4.998748299448352
1.9147959497171732
0.5289531868056734
0.6836937596881816
7.652134673229732
6.197779059361421
2.833499075612118
0.10171786188252319
0.6537524178061368
0.5719795341239261
0.9217728952972404
0.634261531712575
0.9216096975178866
6.92797816511667
0.2966390959623322
0.8837911152436861
7.965422011027942
6.888632954750254
7.073268808275481
0.10260985551352231
0.9887556241558473
6.887180044613539
0.7285955220329141
0.7022212237043853
2.1402536138702457
7.722603279686486
0.8054751739030583
3.1862791788501825
0.4670028635331588
4.646233137423666
3.135939873594433
0.8802079738973329
5.911843047403183
3.118136695201329
0.8895959086298539
2.5167519118784156
4.113881840122089
3.1668817800200593
0.37551765919763347
6.918473578291183
6.299770099335377
0.8939009964814371
0.9807123072374809
5.152689149647623
6.572217650880003
0.3041569056512783
5.103226058109205
7.823735359729059
0.9869023424082016
0.7254698279355454
0.8278601287569847
1.9539113737370801
0.3767082991611471
0.8938064089625832
0.8946846725644848
0.678171651310796
4.289791197713885
5.058973699632777
0.7727998807332471
0.9981761200776443
4.99789684424346
0.5011046980481323
0.9299013569555329
0.7340153787055838
0.6118196645370926
0.3486597289600951
0.7300233131855681
0.6234755663198719
3.3643408221725606
6.8298776426970775
0.6954983797611254
4.585204851232381
0.8816210376186228
0.9685295791572212
2.468056196322694
0.5787821141851842
0.6131953693554938
0.4397365835336776
7.795309038971758
0.22643851190078013
7.7577246017226145
0.8990540770895269
1.8544974018391702
0.027533999182596247
0.7904078739428837
0.5196949146160336
0.9267945276923719
0.7102348209676381
1.746471344046074
0.9570692532821027
0.6292275333353032
0.5484186360010115
0.6032876290910943
0.7745818703803287
0.8614994288749742
7.518995055086365
6.55105072073595
0.5923733267697805
0.9269116662029082
0.9648746093133211
0.8341331962500237
4.381458666599448
0.9402574863101559
0.9102171457935236
7.132463344071465
7.649099541838857
2.825189390548739
0.6000935706478556
0.7256465653223307
1.9415759203445528
0.9232830389147538
2.613576603389278
0.8270973443509863
0.8704061846086872
0.16540071984687488
0.9951533462278332
0.5809151322056679
7.667591796639079
0.8513325549950489
0.4340724150352421
0.6073171066902046
4.056925712899798
0.9770443768269448
0.7145905399234883
7.187086324556635
0.38258742490104236
0.16512289421461956
4.358793933091468
0.8457612235817725
0.5797219297635652
0.5395336373445802
0.9894782017745931
0.4129595478829181
0.2816028820454536
2.4876581229043717
0.7295783758531726
0.6810251796489201
0.31913449196870936
0.8678766608126808
5.180963742351679
0.5548246197970599
0.7806404689291128
0.8162956615743658
0.9289002436386519
0.7856129867473114
0.7664067152156494
0.8245480771581011
0.5668469704836704
3.1468824633679358
0.1031098687055797
6.46575769000488
2.27834252624597
0.4653496762111562
0.7102597630484614
4.626268112145167
0.6179726950524664
0.6516745204542611
0.8103488278302624
0.9103394839519752
0.9602960177342547
0.4285611827506053
0.6472609613174313
0.2815558541289719
3.710442221155083
0.7434652989581642
1.3692551513640838
0.785826630459303
6.952403810645078
2.268025468852854
0.18930920138360818
0.1908318485692232
0.8099424985502771
5.858520336177445
0.3135369173541861
2.7501959930886875
5.324671779318615
7.188235465901902
0.9400516919093961
7.1934834270829064
6.299511637629158
1.7748418126238006
0.6483523566498972
0.18808618550973755
3.4000365328429423
0.7088170998460577
0.5505262115774715
0.399146728282739
0.19519815977190758
2.6043436800593316
0.9914223345644335
5.592299692429584
5.478524200575508
2.7246988059753496
7.727425527851391
0.6769219193018693
0.38950824823429997
7.978269631846924
0.1269719810429305
0.9202771229575887
0.8587824174929357
0.5188648133009545
5.645361336752393
0.21400991267438485
1.0471484352298566
0.6107035273289703
0.691634467557119
1.9980717118030356
0.6212494125074285
0.06233451569427351
0.3790517150004935
1.1826826485149402
6.812508580924375
0.555631737760492
0.5122349889646423
0.6251970746085606
4.95916311471972
1.0340577208498551
0.5663673598338728
0.7124519464836803
0.699216363920789
7.988238198472697
0.6929431459030796
0.8791620694084049
0.7160014733106811
0.7728358541475742
0.775899037884964
0.8303866252869159
0.8198847337819947
3.530115394053418
0.4382322893221504
0.8661576745536257
3.0734315613711782
7.1615764523021825
0.6916156362273913
0.7024231954337588
2.5051467937906082
2.414902829022413
0.7249916350734639
0.9423802454302199
2.6623078141219247
0.5645817148891261
5.774280641907261
1.0248347597337313
0.5172808485970191
1.0769628635796007
0.9719954795545058
2.647267371130832
0.4344868502350555
0.7209261302212594
0.6291624229110335
0.8313824526985774
6.587728604042822
0.9820763459282136
0.27022495730335816
0.7287766802348641
0.07396782914721811
2.270291340203947
0.18068925256588442
7.403762349523588
0.9117517853063972
0.9942712246987551
0.5071274717947478
0.9263196358915997
0.7507946045437729
6.980167502335735
0.8738266981266233
0.8510008264814898
0.2105513163780267
0.2953010562781514
4.5570907100505496
0.9731392722867465
7.680294592446626
0.5838031142721286
0.16060206698457047
0.8149110244852169
0.5796937449448681
1.5348845440475722
2.052201875368252
4.502074130282064
0.8002275816687895
0.6564905764495058
0.559625603334324
5.008533796060674
0.944698503021705
0.02793739177628385
0.6408595712091015
0.3066839393576588
7.112853586433214
7.330835530227652
0.8588597422274523
5.019082090617311
0.5889401853247143
5.44551592859763
0.8761550682445097
0.6634746268975296
0.8525117024908417
0.5020861146483521
6.781706949745181
2.337064339735872
0.2950901718072062
0.7532780553500935
0.33788969768609434
3.6211819081821677
0.8123880901104172
0.6681490212329307
0.7527824603716473
1.347184607613718
0.8055786428040396
5.532989268148077
0.8888493297787048
2.430795207643701
0.18850075911120445
0.6460631907633351
4.764973043026754
3.9036639612090926
0.7946204813953772
0.8686589707060219
3.290026914472125
0.42878796364591365
0.5182825836105502
7.676715480834024
0.5544332839652528
0.7964788115227891
0.6220567182812331
0.7182227919809242
6.0509546090532265
0.922093158402159
0.9604568465356478
4.9961339214228495
0.5905092800386562
0.9696219173077367
0.5683326544062755
1.0444396337800654
6.984195620039786
7.312717019424759
0.5388034390497536
2.8108434835446863
3.165017253971108
4.104552178212327
0.837925085666
0.8289897377628245
0.8382688111744816
4.545472469703974
0.968468415771039
0.5215238333746646
0.7300188804044204
0.7381364362522539
5.969484173044886
3.596572947693894
1.5725979549848077
0.6798260677323568
2.436819367233343
7.088785629510589
0.5663052648955859
0.33568095055872726
0.5677354465723166
3.5399255676153425
0.06836047841584758
0.954209875016812
0.5763915427270787
0.33261227923493397
7.353426244352022
0.5712531176825437
0.7465568056648653
0.9945667484190294
0.8137947679673729
0.5375728255630422
0.8122540784317861
0.7954349332326193
7.569162392359734
7.101695132494503
0.5303622311208647
0.8986339940409264
0.7157546402489178
0.6860524920708356
4.879742291789726
0.8271043733524879
5.323305762380482
2.061449839133383
0.9420291122587702
0.9191949268179476
0.404681366651754
4.247677687670944
0.8809597914804558
0.5550506434951021
0.7655041373699518
0.8853206641939989
0.8589697238053872
0.9538612164663299
0.3521042257859264
0.6115408021436886
0.5558690610778863
4.4891864459007165
0.8748290550061937
0.882207214806055
0.5990267512375718
2.6916493647557047
0.6546004232427852
1.3301421422204278
6.793474905088886
3.860715665478571
0.7052060322974577
5.103235478245014
0.5354818561035826
0.9694868777036673
0.9179793640606101
0.6956762432216984
5.151725917654399
0.9997697442747876
7.166640556159668
0.5567539885010957
0.9666676922114056
1.3568728577841362
0.6085216880180244
0.6025094993190611
0.21120712874817216
4.026357034135697
0.8173502720774556
0.7487269160948884
0.6126393876491776
7.476344603709221
0.6127221204705645
0.5857261245809561
6.107943333719102
0.17117572470828102
5.558074935908904
3.764363917237529
0.599869984911473
6.231135525003971
1.8914944648893401
5.665349815311372
0.8885030577109726
3.339401190094774
4.836984087305101
0.6762152060451031
6.649890772792048
0.7157345163586125
0.8791492067090925
0.28130969873803335
0.949561494293046
0.9520196494076184
5.375732975590994
0.8713819836993125
0.8938768947580054
0.4821438562720065
3.4804396925168204
0.8934997243746456
0.573129569837778
0.8754149653730904
7.126853072372271
0.6318097244137632
0.33445233126286855
5.401636427274138
6.15801700207746
0.5216982228933869
0.9855746906658813
5.058878525808712
0.9319149388386023
0.6473318308014385
0.6723314120220787
0.6197354450266332
4.735484730279472
3.603174074795768
0.0846715258844063
6.379357179526996
3.613425791719501
7.450418537672819
0.9899920056598671
0.3384764497004733
4.258727062234902
0.6462209136819548
6.27841244621749
0.5369792442764798
0.7181835822733581
0.9953788119041791
0.9052988634410849
0.1577652570501895
6.2091861463323825
0.6040628189533946
0.503521649759818
0.6068199331056681
1.0506672168445972
0.07126729307657753
0.2527299347505322
1.9709466538285598
0.5147570457244575
6.577776746845497
0.7848975671226162
6.2469551468324065
0.7325862757735473
1.9866745998566921
0.5963410248509217
2.1316074354055425
0.5344842454514692
0.954672135125163
3.4901431215861196
0.9147740608605576
0.7074122685968098
0.817596135289313
0.32965738045118265
0.9725803056747431
2.5191881798153677
0.7742681998895298
6.644155413233994
0.5847421028434908
0.7796942913119781
5.644337695794749
0.7728840563488961
1.4723902006203788
5.591156329467333
0.9731317676616184
0.9868597057265128
0.72601107741953
3.0194629701684237
0.7828339162436335
1.4213835311255423
0.6988053660842458
0.873292700703475
3.933185420452393
0.6279912087569066
0.9830236506488979
2.858410336113584
0.7725890944862153
7.202738069125968
0.3067996810888074
0.48492214675032186
0.5450743368798365
7.019614847139589
0.4536432145761372
0.8255254331416957
0.6005117475798765
0.6162309369190485
0.6255297688089879
0.8201244155711672
0.7016202030422807
0.9827121686576419
0.8858159389093767
0.649665148974386
0.1546044976508707
0.42651330887936556
0.9191689910759946
0.9222442200437614
4.401332489321764
0.6160952141513979
0.9355477783465941
0.9594208264450973
0.5653860617282566
0.8348878332951214
0.43245000015261625
0.9621925970063987
0.6732914525512688
0.7386928240905285
0.7991692877653861
0.280383130685662
0.29935684320426625
0.3469453368319977
0.8545707047224217
1.3601760208805898
0.7002834151086472
3.344070187120227
0.651405659846172
0.5056443424598502
5.671757316331796
0.8993552870642497
7.022618772218873
2.9135593543095872
6.321518114410022
5.844640216727001
6.683691504413962
0.5958438468727697
7.0026064510257005
6.357079860265887
2.9046338848301794
0.7969369016498034
0.8592328856343723
0.14374533270811973
0.6240817172290011
0.9370327083798797
0.9679601259306853
7.306098798543334
0.5653280722288387
0.7313263695877953
2.631503796224032
0.5624127378803627
0.6300834698094117
1.718253374188869
6.309296353096633
0.7063648306126102
0.650329892513038
6.045147428597403
0.7277475272675243
2.8245309178026217
0.4433941135822508
3.239191217652685
0.7873107152253453
0.509210114535918
0.7030673956887794
0.5023914450317389
7.0799789261843955
4.562113212595651
0.7244909543021764
0.2805135983274445
0.948582395936404
0.5776448189703073
0.5478787660111808
0.06158428261098392
0.8187173281071662
0.35651448122459717
