3.405593427734158
0.1853423773702243
5.049917859135377
5.27302333787756
0.9786102269427799
0.3542102406577654
3.846054293982469
3.661133517472794
4.265160603807746
0.087881416202642
0.8246086687770038
0.9724523651431838
0.8676117393325358
1.3065964003424275
4.393396190197152
2.1752112475370318
2.042753079621334
3.8068405202621163
2.9934195474966936
7.045565868334993
2.6816242425011314
0.9002885922561956
7.671227632647476
0.898163225102333
0.1909499906426284
0.2846737642237409
0.9217396632335385
4.660088121996181
0.1136121610897236
4.639918666668459
2.9779154438565367
0.7369899266724027
3.997107454955377
1.718834540814055
0.5203055418451195
3.8887347889629913
0.28485791473621536
6.212359891250566
4.461189266768753
0.5223373078990432
7.83870236955388
6.9063095255291636
0.8730697888533308
5.135669793313465
2.596778671482423
5.996419243430915
0.6158208252286412
1.2924603894716347
2.3753696302770715
3.952078578282743
0.5142335803018527
6.015239324078147
0.332737109994544
0.8070980053503561
5.243343675401083
7.82244443913624
0.3571760610439072
1.9874496018833483
6.720431769020056
6.5651341871517035
6.263713835359095
0.9006710715923217
0.9385081863994387
0.9422513560877208
0.8420497718470361
0.34926251835225
1.8169338002282363
2.3188513040797663
4.0890524820683085
0.9817372525898771
0.2617180084684989
6.542939031598091
5.5369972979749065
0.3742950897651234
0.8559001696531491
6.976529411393478
0.9990235605563591
5.373128029852623
1.6147715894503056
0.1666730778428871
1.0742584497216798
4.807418680811179
1.0590734897140859
6.782605054780109
4.765116832990839
0.7400221358366628
5.902627527729281
5.323884964538559
5.260898963985034
2.702955903283822
3.798658154593756
0.37013185379280333
3.5435504928911756
2.8616915726319316
4.411984504072633
4.289537511695961
0.9884652288491111
2.8245095567453093
0.9216327540311062
0.8234635261738437
0.7035319976193153
5.9663494954832865
0.9861356488651196
5.5152660936025715
7.790134525385447
1.3528242362496803
2.6937569774404277
4.880003233215096
7.862762583425872
1.6863851871657696
0.9230027302443194
0.4024920291982723
2.4733506150517632
1.1876367004472943
0.9561092399911731
4.38809165035007
4.773003078403453
0.9426690039404148
3.630705581532676
2.615193177043637
0.22887451985537455
3.20443353095746
5.279401726363494
6.460030691153456
3.0959905732911848
2.5029807519986136
0.005574844467604478
0.30889266082710387
0.843199870524271
3.712472263718608
0.5263289659050336
7.152019983904664
3.5105891159773552
0.5752677654474254
5.561500044348809
0.5590722819296214
0.9160136836535113
5.629510268220318
0.5436295541190341
3.4074210043795503
0.8860533505658144
3.7143413798808105
0.06408847322578581
0.46077442248724854
3.555506112023962
0.831812439634875
6.5597092177039915
4.274105464342219
0.8921285160298341
0.9970278723306555
0.4585573248595993
6.50985771021663
0.84495514082136
0.34729621847995995
3.1451501981098247
0.9236163839125637
1.103563185783349
3.998339206102491
0.9551546817250066
0.9419762349205271
3.9294174530792727
4.758737333735066
0.15200015047083948
0.8819697113344303
0.6345393830263317
5.3799626028513705
0.1801460232069747
0.7595318774832611
4.560149197088706
7.105307223006184
2.6937801440285325
0.8330895265454015
2.2506581387863944
4.392147764898306
5.882619872997245
0.1681858372597338
5.692350446065772
0.8177675780171185
2.3485514519332744
6.7706602764269
0.9403082210250745
0.9402252453732453
1.3683053761081352
0.9780647776843809
3.7439844471294297
7.156885733863293
0.14752272306390957
6.32595214285454
0.8162629685387339
7.4869851726520205
5.518970758886606
7.610298423546758
0.8676992371691925
1.3554911708859692
4.665366023631343
2.655676479382705
0.9219453038061964
7.098999377745163
0.5091005046028991
6.139088951712482
5.197624075624029
0.4043504224439902
0.06366972651432867
3.7350052947915415
3.2520790107583073
0.2512854317437414
3.6014018638020113
1.383632833519175
4.8758525138457545
0.1640178530658103
0.9651886635701707
5.789877514472256
5.969256498331125
0.013684919096896841
7.641924855925078
5.9717734569063055
4.322695230654124
7.618985081035114
0.33553650168812044
5.875040251854199
1.5499745503775735
3.197787247810659
7.619575126102245
4.075781772456168
0.3377736141208869
0.8095598694281687
0.20933530378748788
0.5856662388019402
1.7915026677800707
3.944860188504336
5.518323808651075
7.940424166489403
5.842725502117533
0.4239562111119861
2.758983628359477
0.8817758945940063
0.545781887590782
0.25224763598188193
0.9273268141443419
0.8859789045250115
1.0556179656480458
0.01204854018432333
0.9247733310793661
4.866489237629873
7.222169097523237
6.395794609676982
7.0176709602854395
5.929039025697188
0.9749326774521185
3.0548836106726336
0.001550441212519349
0.9225009066047435
0.4078848443722003
0.9885886417105559
0.777025207062505
0.12219135521924329
6.153167255561455
2.2469920616716257
0.8755297491630788
4.282034750690703
2.0660260154157655
0.8621523181304013
2.666062080372816
2.7996410132922627
0.7690707293159547
3.08549354863176
0.8109995801373558
0.8051710806724608
0.9761360139036379
0.7296906483599077
4.325104177412638
0.0005392542441138293
0.5964221233276248
3.6872450863760298
0.9079947641729094
0.8626838214610503
4.714180450339013
0.8743854425410523
0.8389936812886211
1.862671660700256
2.8506890644122347
0.42826530362216997
0.6310436337733096
0.8380389469641755
1.1094281148222613
5.8691611809386055
1.2089524763082968
5.214287073748498
4.975436636844607
7.150924383200701
0.8367844382956803
7.69025225228122
5.005914742451543
2.2956215821978017
0.8036506748985925
7.509869389314677
2.5684977820454984
5.902448670447366
0.8787232899783946
7.94035351440783
0.8290840975742565
1.5186094483956234
5.813875888163182
0.8004285024237423
5.711991169947726
0.0020768522973924064
1.0797172973893803
0.09102601359620888
7.180261816799808
0.8393000346611779
0.8142766026832472
7.631607464022095
0.8719781425751957
1.9164713546979701
0.29833386022355146
0.8067810784382365
0.6061896830729245
7.1066924048859965
4.214791971837936
0.8551002159677544
0.6377887170099719
0.8767151243068909
1.5203101301155524
0.09727928835045518
0.5137001476881384
5.434806146801948
1.782195039639305
4.652357346244382
5.953627132465107
0.7326761849468644
4.891443833293075
3.9664043200217343
1.0067460886631423
1.5368734583734076
0.866615800178077
2.5086012232440593
3.7320562157964305
0.5152549947233416
7.106266823368135
3.7371758902395227
0.47077043313822586
4.98359483776524
4.788837013216383
4.443537421442957
0.9027103932768384
0.8258700311585931
0.8796861103540012
0.08818013253499979
0.8777867124955052
0.9581941120405707
0.10076921281546714
5.013803043325194
3.3432779478625196
6.899737207311033
0.8531194131749387
0.8154715142997251
3.448479661458907
6.761310482068251
4.901814563550312
2.2144032917568452
0.5221972416291649
0.89108990681897
4.851612689870811
7.518651322529607
2.1995875125538653
3.226499568922632
5.633221684970292
0.8517354959410013
0.4181353824933598
6.495088630770246
0.29173376404387685
0.7212456580472462
0.9931126926103216
7.738351206636637
4.815449986003512
7.454496925081552
0.08950312815981532
6.423623851278848
0.6986207198924319
1.6644443097608566
0.6563743909966675
5.1040239294789025
5.891631874617064
4.635850497907784
2.404362230091963
2.426717366805865
2.502765906520482
1.6877412745981957
4.211318631512603
0.23909273997778224
3.6862521967176054
0.18146367745879188
0.28105201919778633
7.062551816185616
0.8380423772436566
0.8904800710900734
0.9359403003006858
3.432429050805098
5.304694642595098
2.833195361894365
0.08680029250762322
6.061195967024794
0.9153138393531648
4.7984791036982894
0.4694967402492898
4.527286228785699
3.029266680212154
3.000607287811885
0.8761110769207944
3.5551464628334726
6.043135497962936
5.162558531057702
2.0526831339308567
4.118421009241759
4.766624771602453
0.7984346156793594
2.5149297338697316
0.38991658492728587
1.802715491406186
3.3908367830617863
6.398494042993326
0.0147324569182401
0.6830266134188978
0.9808551890742158
0.846783921614242
6.39015463661732
3.609984524971738
4.283688665640839
0.9753320973276298
6.228949155612226
5.839762820185661
4.06448457483461
6.35242805424458
0.9900373129132851
5.992266853810392
6.293672912489288
6.6173296126903365
3.797555651056716
3.094217913522397
7.190200540298124
0.9937893174754073
6.16512348934801
7.179758155231979
0.8019764396627477
0.9162064882751916
7.345917828982455
4.6757321916970955
4.173352255857364
1.4657058158319511
7.265881449394685
6.5557378837229905
3.0157499818426254
0.8743376315965742
0.4149261578857786
2.0702467091713705
0.9571982538773562
1.925251855214757
5.34184995693285
0.3180661774722531
6.134105207360746
0.7402147901807536
0.9968481117229561
5.334031885498729
6.104949350287764
0.8379141033468523
0.8718775442938727
0.12386382493512604
0.4344915934828659
6.002793339132731
0.9149355830254775
0.053282133175626356
7.07841310605851
7.240948974447173
1.7239557557259086
0.5654202104638539
6.840016091636993
0.35817886066219096
5.540713123765446
0.38856591739006086
6.184388029426164
3.6195992598220377
0.9672469744025165
0.11066415376945526
0.3758158641321572
4.039270880447234
4.680314119566916
3.2683554261261287
3.791741105199434
7.040631452412062
0.6619391032142765
0.0829576715151541
5.227577188097556
0.5220763091300435
1.561422011913855
4.781585604879136
0.4397202748306712
7.648525792307936
1.507409926351241
0.47462988946028384
0.4168068404802603
1.5428621814222803
0.10561322083470603
7.191266965947883
0.8794933272445999
0.5677249554890134
4.813763073242037
1.270958133276598
0.9398819550874976
0.7609112146647916
0.8595396761691741
0.3994030710830012
5.479680221262282
1.3598521115728497
4.432542923400204
6.338701486156094
0.8490954972351579
0.8932149787998397
0.8073843943947909
0.07164167610129146
0.942778953159908
7.6147497542632445
0.12037788502975233
6.383939308008242
4.567772512840524
0.37092519079114283
6.73020996271795
0.04294419378544312
0.873504537318186
0.31847098413612596
1.878254228317271
0.3200122538729864
2.94364881235109
0.9174228941209769
2.1029196593390687
3.930337880488527
3.8612338309212832
3.3336098214080128
0.883106973966108
6.5344982699105145
1.6849839191147815
0.46804706138478913
6.634974222320741
0.011321079973125592
0.3460660886077749
0.989657137857711
2.2802545903793847
7.090462773955187
3.7622416657347237
0.8440986429149013
6.004728190700911
0.9415310230200324
7.610773730604033
0.3808397520461262
1.172841691521696
5.473263149866443
3.748088724408178
4.936778653582735
3.4612639910092255
7.628356943387983
0.7214007377679319
6.131278952023153
0.8252590437107571
4.064045732606931
6.586708616326011
3.9975600299639433
0.15942126915655308
2.379135178615967
0.8393764738212308
0.9722844978221611
0.8510516997497785
4.682343406636686
0.7358317456027068
1.0608059976192603
0.9947639852648634
0.788686470849469
0.3902298078055626
0.06885740837334087
5.172664133381998
5.39229375438522
1.0448518331605596
0.8351632054547791
1.4139956327948147
6.680956475352354
4.681556531717152
5.846354995023525
6.015365576278381
2.5308382434708587
0.14674049081069107
1.690740926884291
5.437132891174364
0.8445474856597331
7.564374232339548
0.8138167765610298
0.5813071419667466
0.36059141562962704
0.9984961093928792
0.919589845259794
0.7706050345806494
6.781056037825668
5.37414572956005
3.608866371167979
7.905120674026797
0.8769828893481844
4.380275430369
5.956751297019472
0.9119173632270666
0.9632951359530552
1.3603966986523668
0.9281862255830319
0.5201453261305327
5.931042579448895
0.2520285059890828
0.5020417866267481
0.9851997716645434
0.9295793320413092
0.4555465833237742
0.21333056739728784
0.8833928686874539
0.31920251286331425
3.869018906432732
1.281670980456922
0.2751958715912819
3.031701997401239
2.238264429361771
0.8350105801813201
0.9450952682306455
7.248052387092352
0.9554131833514742
7.726163357226287
3.854994232212042
1.1303442171869929
0.9729854643987982
5.927399671097923
2.2755328196722804
0.052405804935387046
0.19844554014671845
1.7983434141844166
6.013554051193318
0.29412969639854847
4.173516118496013
0.9853382444345843
6.357736103184993
4.591064979501608
4.567018388081448
0.899977668597336
0.8674513265593129
0.11270802499423604
0.9356994113651095
1.2428013905606345
2.773186597124184
4.520893905733917
0.8073576815121137
2.3414857996208545
0.6513351411387731
0.4477350769449844
2.938605978239541
6.292155437079841
0.8886714488492385
0.9154554194056119
5.695866553858419
7.045709751613409
6.4612862339812205
0.899741323583922
0.9783880028606915
0.031065042186583902
7.74987821914259
0.846177159868984
0.8287458593419645
3.3115237793234424
0.11285341956486139
6.73448677255408
0.9283956207284061
0.8378531252527769
5.682773503192994
2.4822344143100272
2.7217328246730093
5.446716888100664
3.4269270072564764
2.0734252789428913
6.734034079473523
6.512365768980276
4.537048534161062
5.637609856282152
0.552985940186357
6.569532306223062
1.119264626574485
0.16431307466432532
0.12289798165655874
5.494051923341506
3.7601549373689878
2.165284898274888
6.918021636417597
1.4750206311448837
1.4511232176729152
5.850760983352894
2.914911843834661
3.84533986152375
2.628604418969055
2.1634940852271765
4.075295763021969
6.208840267624253
5.558292502987837
0.11320374250226695
4.479143479328835
0.847202726567826
0.35389002175313333
0.8504487881564565
4.236379449746463
7.215872256587616
0.16713898032017926
2.9881382713799303
0.7774732885131692
1.0495075917076147
0.8827690320557635
1.9189165524763334
5.1755379220465345
6.957380421191624
0.8198186302234153
0.9445736564472498
7.861410552135591
5.750178260179989
0.9784742685626125
1.3311110393249246
0.9891661375484234
0.9745113834040396
2.9225593618687835
0.8803186536866328
2.3753940060417573
0.8146978486622554
0.8610127286760478
0.8839743148209732
7.607619152835755
0.14248064299247076
2.0703627893751717
6.398614582471074
1.1976824180383483
6.181045920474257
1.0071164242697215
4.0239928165271195
0.8984123994374885
2.7605792363639665
4.110990099401784
5.661204047896418
3.6307055738750407
6.895995262397621
1.7575607715055455
2.66765797430011
1.7468653020739486
5.827259506349755
5.619563927830743
7.1232634762960405
2.8670563017900896
1.2562271066198356
2.5770320909974185
4.767953070023857
7.717516006228586
0.9874928427238662
0.8623443825855257
2.8345852737619825
2.3733868226531936
0.7510349827901033
0.5828731068399495
0.3624822370790346
5.858309747459619
6.583537879221754
1.2145872466759497
0.4228574146537267
0.4754828552767725
5.5538430816206255
7.361639440368844
1.2569608221782076
6.686543452857536
0.8147003146164901
0.8863771839891017
3.0338455412683327
0.612946861651066
5.05362074640523
5.308452771471615
5.971278688020919
0.9755826456860743
0.9267848544123333
0.679582079545276
3.5458307679030163
2.539332793826362
0.9781077413540352
4.85333982841551
1.1047924723710025
5.566892799309597
0.8121120210146276
0.5782273279194898
0.6580053482339205
2.900169235238991
4.455613089568449
0.7758646298011427
0.49849227866231693
5.1649807233308955
3.7429797952680826
0.8069290657884319
7.517777355024436
0.740104949064686
4.663348708027344
7.1511090844401535
0.7326712358927352
5.876012870412654
7.508309189814733
2.4711704588801586
0.8735556651053306
2.693279116990772
0.07496032351932613
0.8765193360156375
0.8056419015612564
0.5056194207777001
3.9743627606242384
6.058284468984487
0.08157568792709657
1.7280715786590939
0.8913831019342391
1.4397983056170052
2.80142408665849
0.06442372437376509
0.8726310273984159
4.085026543960224
0.7736711374896323
7.87996188081175
0.8838666455884701
7.0350452879704015
0.9879062520528069
0.6070233753649428
5.267094318866087
3.864845074634192
0.8394308299418308
0.9413480213985526
0.26589809267508535
3.3403610148243867
5.586239332882186
1.632693612841619
0.9194184692219863
0.9785659373731986
0.5223164471927322
5.943247525605678
2.3555647854558677
2.6427687641716
0.7296949780972859
0.23004107147519637
6.025863950666426
0.8578715179226705
5.336425817860025
2.3959281401478636
2.9467301065025726
1.1967182401089538
6.237626025660706
6.286263313383431
0.07577564559928085
1.0465688258734405
0.9164279983784315
3.816496151708459
0.8763509084394598
3.383793788742185
0.019827647244620827
2.547140788993996
1.284283455219751
6.9780180151417905
5.046210049321409
4.418177218920981
0.8372989923755723
6.097023205026763
0.8173955107211822
7.91783123026108
0.8284865494007914
0.492065425034639
6.035973934720341
0.8697179689275636
6.4513235399211775
0.4824490914537043
0.5182205519273901
6.474171870223503
0.13012329999316985
3.5243416377682877
0.7919795950194715
2.835106367310215
7.6535632521500006
5.768609683353163
0.8142377457088459
0.6129889904255057
0.5052316104808712
1.0493571290805308
0.5746406454874924
0.8335203933085613
0.9427965794112886
5.758269796235268
7.788917037235622
4.230737225996913
5.174941252745156
4.039130399233472
0.5679963620746398
2.460996117714079
7.579596591925868
0.4847235332302109
0.5599674714711764
5.292348391152757
5.298662420193662
0.014856983327466544
0.08566426714474118
4.939126014565894
7.761827081170582
0.9397931490860856
5.7488834647629465
0.9437722275110986
0.025394095958009233
0.0798761977757696
2.7602761469893817
2.1824066005348293
0.46656409135199794
1.4447379913633176
0.4754659199124136
0.8212025000156274
5.4645552228131775
6.843165770024851
7.407378950987184
4.029851257466666
4.975300018994953
0.8324864160051548
5.788662785625519
6.364278173145273
2.3428357714103596
3.639396848411498
7.745318968755191
7.488663044038292
4.136933946799568
0.23296005133166497
1.4061996852100629
4.86310195118271
0.9539869014291673
6.898926446411418
3.540492670876045
0.8167700927098428
7.273769488392047
0.9151224643817045
0.047334417437979504
0.9357783005158241
5.594225437398098
0.01834030880234394
0.8955395275454886
0.5406928674319569
7.3260152667629
1.64207265713282
5.807802902997533
0.506641811203453
6.14537546121512
0.9637852527837429
0.9196208461542873
0.9679291224765407
0.8430200975472296
3.934818419154001
5.592265295679635
1.6542668247842434
0.9342079466117149
2.221498080700915
4.386778296108174
1.4433835121894711
1.898050585461318
6.835237455210252
0.8975612226498554
0.648416482476752
6.9674315170838454
4.226077726927147
7.284753602321403
7.956076254463618
7.725711959509847
0.9968425476994103
3.6340684668006773
0.021253743175099205
0.8512486425407394
2.8342902138251933
0.7762964842789135
5.491329562225195
0.9497860417713344
5.989592574714693
0.851268483490891
0.2875289466015747
0.9659122540215107
1.8958154092629895
0.42024380380717585
5.373628889529009
0.8339581447535029
1.134466967539197
3.5527428052080925
3.552502598727913
0.3273284362737776
0.9308298898881631
0.8171914969890809
1.5853051340416675
0.9950627068559814
5.9483421299767665
4.375356869780808
2.4511899317118653
6.482893509583781
5.0764731673370225
1.5449847053485053
7.876340385097881
